7.810832500000000000e+05 7.837828750000000000e+05 7.824060000000000000e+05 7.770753750000000000e+05
7.814115625000000000e+05 7.848663750000000000e+05 7.882195625000000000e+05 7.711609375000000000e+05
7.789884375000000000e+05 7.861258125000000000e+05 7.788146250000000000e+05 7.720326875000000000e+05
7.943478125000000000e+05 7.856328125000000000e+05 7.923311250000000000e+05 8.050785625000000000e+05
7.833726875000000000e+05 7.845067500000000000e+05 7.828674375000000000e+05 7.827413750000000000e+05
7.890293125000000000e+05 7.836305625000000000e+05 7.908141250000000000e+05 7.926515000000000000e+05
7.859105625000000000e+05 7.859764375000000000e+05 7.798720625000000000e+05 7.918850625000000000e+05
7.895245625000000000e+05 7.906315625000000000e+05 7.916858125000000000e+05 7.862618125000000000e+05
7.958700000000000000e+05 7.944115625000000000e+05 7.967295000000000000e+05 7.964501875000000000e+05
7.893112500000000000e+05 7.925686875000000000e+05 7.855880000000000000e+05 7.897708750000000000e+05
7.944534375000000000e+05 7.903177500000000000e+05 7.909304375000000000e+05 8.021009375000000000e+05
7.837287500000000000e+05 7.896925000000000000e+05 7.842916250000000000e+05 7.772108750000000000e+05
7.901368125000000000e+05 7.917201875000000000e+05 7.937150000000000000e+05 7.849802500000000000e+05
7.914708125000000000e+05 7.919235000000000000e+05 7.894697500000000000e+05 7.929950000000000000e+05
7.889970000000000000e+05 7.906395000000000000e+05 7.891288125000000000e+05 7.872333125000000000e+05
7.914258125000000000e+05 7.900187500000000000e+05 7.932263125000000000e+05 7.910292500000000000e+05
7.840045000000000000e+05 7.852806875000000000e+05 7.872545000000000000e+05 7.794668125000000000e+05
7.850527500000000000e+05 7.828810625000000000e+05 7.807025000000000000e+05 7.915800000000000000e+05
7.830908125000000000e+05 7.834157500000000000e+05 7.835916250000000000e+05 7.822539375000000000e+05
7.816327500000000000e+05 7.838678125000000000e+05 7.816028125000000000e+05 7.794086250000000000e+05
7.838085625000000000e+05 7.884273125000000000e+05 7.875798750000000000e+05 7.754255625000000000e+05
7.954597500000000000e+05 7.944898750000000000e+05 7.964334375000000000e+05 7.954637500000000000e+05
7.950057500000000000e+05 7.914839375000000000e+05 7.920433125000000000e+05 8.014893125000000000e+05
7.858717500000000000e+05 7.852320000000000000e+05 7.851602500000000000e+05 7.872341250000000000e+05
7.851935625000000000e+05 7.821455625000000000e+05 7.803631875000000000e+05 7.930793125000000000e+05
7.819455625000000000e+05 7.816575000000000000e+05 7.838204375000000000e+05 7.803454375000000000e+05
7.836631875000000000e+05 7.838843750000000000e+05 7.793748750000000000e+05 7.877305625000000000e+05
7.875675625000000000e+05 7.897375625000000000e+05 7.900545625000000000e+05 7.828978750000000000e+05
7.904204375000000000e+05 7.915920000000000000e+05 7.916670625000000000e+05 7.880137500000000000e+05
7.836441875000000000e+05 7.860858750000000000e+05 7.839095625000000000e+05 7.809429375000000000e+05
7.873889375000000000e+05 7.854761250000000000e+05 7.885215000000000000e+05 7.881773750000000000e+05
7.887650000000000000e+05 7.895174375000000000e+05 7.902482500000000000e+05 7.865270625000000000e+05
7.958798125000000000e+05 7.881197500000000000e+05 7.968185625000000000e+05 8.027003750000000000e+05
7.795090000000000000e+05 7.899463125000000000e+05 7.813182500000000000e+05 7.672608125000000000e+05
7.939152500000000000e+05 7.935681875000000000e+05 7.947013750000000000e+05 7.934969375000000000e+05
7.996109375000000000e+05 7.936945625000000000e+05 7.954269375000000000e+05 8.097136875000000000e+05
7.863424375000000000e+05 7.903718125000000000e+05 7.868057500000000000e+05 7.818555000000000000e+05
7.858906875000000000e+05 7.878072500000000000e+05 7.905971875000000000e+05 7.792588750000000000e+05
7.848383125000000000e+05 7.850830000000000000e+05 7.830160625000000000e+05 7.864205625000000000e+05
7.813877500000000000e+05 7.842296250000000000e+05 7.811014375000000000e+05 7.788229375000000000e+05
7.906404375000000000e+05 7.862182500000000000e+05 7.927451875000000000e+05 7.929635000000000000e+05
7.876746875000000000e+05 7.865386875000000000e+05 7.897137500000000000e+05 7.867728125000000000e+05
7.772225625000000000e+05 7.830115625000000000e+05 7.825750000000000000e+05 7.660864375000000000e+05
7.844849375000000000e+05 7.835620000000000000e+05 7.794423750000000000e+05 7.904334375000000000e+05
