7.915055000000000000e+05 7.912003125000000000e+05 7.919116875000000000e+05 7.914196250000000000e+05
7.879197500000000000e+05 7.878791875000000000e+05 7.867315000000000000e+05 7.891483750000000000e+05
7.898034375000000000e+05 7.919130000000000000e+05 7.887124375000000000e+05 7.887818750000000000e+05
7.976997500000000000e+05 7.981714375000000000e+05 7.993805000000000000e+05 7.955454375000000000e+05
7.941886875000000000e+05 7.940315625000000000e+05 7.927378750000000000e+05 7.957966875000000000e+05
7.905970000000000000e+05 7.915071875000000000e+05 7.901127500000000000e+05 7.901693750000000000e+05
7.873395000000000000e+05 7.870095000000000000e+05 7.870347500000000000e+05 7.879733125000000000e+05
7.868790625000000000e+05 7.848418125000000000e+05 7.879322500000000000e+05 7.878626250000000000e+05
7.834340625000000000e+05 7.820891875000000000e+05 7.848915625000000000e+05 7.833179375000000000e+05
7.811118125000000000e+05 7.803905000000000000e+05 7.810293750000000000e+05 7.819114375000000000e+05
7.896025000000000000e+05 7.914825000000000000e+05 7.907030000000000000e+05 7.866247500000000000e+05
7.909173125000000000e+05 7.903497500000000000e+05 7.919171250000000000e+05 7.904859375000000000e+05
7.879780000000000000e+05 7.866310000000000000e+05 7.881143750000000000e+05 7.891886250000000000e+05
7.920031875000000000e+05 7.952925000000000000e+05 7.908452500000000000e+05 7.898705625000000000e+05
7.869521875000000000e+05 7.831896875000000000e+05 7.910177500000000000e+05 7.866487500000000000e+05
7.765430625000000000e+05 7.752155625000000000e+05 7.744317500000000000e+05 7.799821250000000000e+05
7.830645625000000000e+05 7.844343125000000000e+05 7.828436875000000000e+05 7.819151250000000000e+05
7.865648125000000000e+05 7.836415625000000000e+05 7.882438125000000000e+05 7.878082500000000000e+05
7.880133125000000000e+05 7.848309375000000000e+05 7.860998750000000000e+05 7.931063125000000000e+05
7.970499375000000000e+05 8.006445625000000000e+05 7.977718750000000000e+05 7.927320000000000000e+05
7.834395000000000000e+05 7.832495000000000000e+05 7.819858750000000000e+05 7.850828750000000000e+05
7.854108125000000000e+05 7.872498750000000000e+05 7.838269375000000000e+05 7.851551250000000000e+05
7.873782500000000000e+05 7.859749375000000000e+05 7.898690625000000000e+05 7.862891875000000000e+05
7.783231875000000000e+05 7.757034375000000000e+05 7.778475625000000000e+05 7.814191250000000000e+05
7.810485625000000000e+05 7.799905625000000000e+05 7.811069375000000000e+05 7.820465000000000000e+05
7.847330625000000000e+05 7.839457500000000000e+05 7.852088125000000000e+05 7.850432500000000000e+05
7.864007500000000000e+05 7.856480000000000000e+05 7.865608125000000000e+05 7.869920000000000000e+05
7.883367500000000000e+05 7.899113125000000000e+05 7.886337500000000000e+05 7.864645000000000000e+05
7.829922500000000000e+05 7.807249375000000000e+05 7.822296875000000000e+05 7.860215000000000000e+05
7.872562500000000000e+05 7.864990625000000000e+05 7.873793125000000000e+05 7.878858750000000000e+05
7.908373125000000000e+05 7.924485625000000000e+05 7.898369375000000000e+05 7.902245000000000000e+05
7.878935000000000000e+05 7.893953125000000000e+05 7.857420625000000000e+05 7.885426875000000000e+05
7.885898125000000000e+05 7.911526875000000000e+05 7.880816875000000000e+05 7.865338750000000000e+05
7.903279375000000000e+05 7.901073125000000000e+05 7.918352500000000000e+05 7.890396250000000000e+05
7.860867500000000000e+05 7.853757500000000000e+05 7.855661250000000000e+05 7.873115625000000000e+05
7.840063125000000000e+05 7.833327500000000000e+05 7.840485625000000000e+05 7.846420000000000000e+05
7.835474375000000000e+05 7.834533750000000000e+05 7.827180000000000000e+05 7.844705000000000000e+05
7.865474375000000000e+05 7.891658750000000000e+05 7.843451875000000000e+05 7.861307500000000000e+05
7.876454375000000000e+05 7.895396250000000000e+05 7.861458750000000000e+05 7.872495000000000000e+05
7.881702500000000000e+05 7.901129375000000000e+05 7.862827500000000000e+05 7.881615625000000000e+05
7.944495000000000000e+05 7.965948750000000000e+05 7.935304375000000000e+05 7.932227500000000000e+05
7.948937500000000000e+05 7.958991250000000000e+05 7.944634375000000000e+05 7.943143750000000000e+05
7.878666875000000000e+05 7.885050000000000000e+05 7.845131875000000000e+05 7.905803750000000000e+05
7.875687500000000000e+05 7.851145625000000000e+05 7.887935625000000000e+05 7.887966875000000000e+05
