7.935136875000000000e+05 7.885065000000000000e+05 7.900777500000000000e+05 8.019603750000000000e+05
7.913060000000000000e+05 7.910523750000000000e+05 7.880796250000000000e+05 7.947702500000000000e+05
7.799601875000000000e+05 7.832110000000000000e+05 7.851253750000000000e+05 7.715547500000000000e+05
7.886382500000000000e+05 7.904154375000000000e+05 7.845685000000000000e+05 7.909302500000000000e+05
7.828434375000000000e+05 7.832864375000000000e+05 7.858907500000000000e+05 7.793651250000000000e+05
7.931365000000000000e+05 7.914449375000000000e+05 7.897775000000000000e+05 7.981863750000000000e+05
7.910056875000000000e+05 7.891301875000000000e+05 7.931665000000000000e+05 7.907188125000000000e+05
7.927555625000000000e+05 7.978455000000000000e+05 7.952095625000000000e+05 7.852186250000000000e+05
7.951998125000000000e+05 7.955615000000000000e+05 7.930101875000000000e+05 7.970251250000000000e+05
7.819573125000000000e+05 7.856071875000000000e+05 7.867119375000000000e+05 7.735570625000000000e+05
7.834512500000000000e+05 7.823237500000000000e+05 7.833818125000000000e+05 7.846397500000000000e+05
7.803045625000000000e+05 7.827731250000000000e+05 7.819819375000000000e+05 7.761551250000000000e+05
7.767110625000000000e+05 7.784002500000000000e+05 7.825726875000000000e+05 7.691490000000000000e+05
7.934615625000000000e+05 7.972081250000000000e+05 7.876161875000000000e+05 7.955440000000000000e+05
7.919431875000000000e+05 7.892138750000000000e+05 7.867989375000000000e+05 7.998255625000000000e+05
7.834999375000000000e+05 7.800856875000000000e+05 7.839901875000000000e+05 7.864291875000000000e+05
7.823614375000000000e+05 7.868712500000000000e+05 7.869860000000000000e+05 7.732213750000000000e+05
7.910953125000000000e+05 7.922583125000000000e+05 7.928605625000000000e+05 7.881516875000000000e+05
7.944092500000000000e+05 8.006322500000000000e+05 7.941917500000000000e+05 7.884136250000000000e+05
7.891420000000000000e+05 7.884187500000000000e+05 7.916902500000000000e+05 7.873168125000000000e+05
7.982046875000000000e+05 7.941533125000000000e+05 7.909803750000000000e+05 8.094727500000000000e+05
7.911786875000000000e+05 7.949770625000000000e+05 7.901918125000000000e+05 7.883753750000000000e+05
7.840254375000000000e+05 7.788475000000000000e+05 7.863874375000000000e+05 7.868460000000000000e+05
7.857060625000000000e+05 7.864588750000000000e+05 7.877604375000000000e+05 7.829137500000000000e+05
7.914681875000000000e+05 7.943033125000000000e+05 7.923917500000000000e+05 7.876728125000000000e+05
7.942240625000000000e+05 7.907891250000000000e+05 7.906523125000000000e+05 8.012326250000000000e+05
7.862328125000000000e+05 7.856175000000000000e+05 7.837743125000000000e+05 7.893115000000000000e+05
7.702910000000000000e+05 7.669083125000000000e+05 7.781283750000000000e+05 7.658338750000000000e+05
7.806108125000000000e+05 7.831338125000000000e+05 7.787471250000000000e+05 7.799525000000000000e+05
7.808995000000000000e+05 7.824184375000000000e+05 7.796187500000000000e+05 7.806610625000000000e+05
7.771442500000000000e+05 7.728842500000000000e+05 7.805173750000000000e+05 7.780300000000000000e+05
7.859742500000000000e+05 7.894813125000000000e+05 7.860873750000000000e+05 7.823551875000000000e+05
7.898665000000000000e+05 7.937552500000000000e+05 7.888341875000000000e+05 7.870028125000000000e+05
7.870105625000000000e+05 7.867791250000000000e+05 7.878365625000000000e+05 7.864055625000000000e+05
7.887843125000000000e+05 7.897535000000000000e+05 7.875666875000000000e+05 7.890526250000000000e+05
7.876991875000000000e+05 7.871761875000000000e+05 7.896910000000000000e+05 7.862251250000000000e+05
7.921531875000000000e+05 7.928470000000000000e+05 7.915901875000000000e+05 7.920273750000000000e+05
7.975657500000000000e+05 7.946358125000000000e+05 7.912912500000000000e+05 8.067629375000000000e+05
7.817087500000000000e+05 7.835733750000000000e+05 7.843710625000000000e+05 7.771836250000000000e+05
7.806825625000000000e+05 7.817224375000000000e+05 7.808098125000000000e+05 7.795196250000000000e+05
7.829200000000000000e+05 7.809471875000000000e+05 7.835981250000000000e+05 7.842153125000000000e+05
7.881724375000000000e+05 7.872708125000000000e+05 7.892331250000000000e+05 7.880331875000000000e+05
7.920110625000000000e+05 7.959976250000000000e+05 7.913908125000000000e+05 7.886430625000000000e+05
7.878030625000000000e+05 7.851736250000000000e+05 7.915841250000000000e+05 7.866487500000000000e+05
