1.912103800000000000e+07 1.912103800000000000e+07 1.912103800000000000e+07 1.912103800000000000e+07
1.912103800000000000e+07 1.912103800000000000e+07 1.912103800000000000e+07 1.912103800000000000e+07
1.912103800000000000e+07 1.912103800000000000e+07 1.912103800000000000e+07 1.912103800000000000e+07
1.912103800000000000e+07 1.912103800000000000e+07 1.912103800000000000e+07 1.912103800000000000e+07
1.912103800000000000e+07 1.912103800000000000e+07 1.912103800000000000e+07 1.912103800000000000e+07
1.912103800000000000e+07 1.912103800000000000e+07 1.912103800000000000e+07 1.912103800000000000e+07
1.912103800000000000e+07 1.912103800000000000e+07 1.912103800000000000e+07 1.912103800000000000e+07
1.912103800000000000e+07 1.912103800000000000e+07 1.912103800000000000e+07 1.912103800000000000e+07
1.912103800000000000e+07 1.912103800000000000e+07 1.912103800000000000e+07 1.912103800000000000e+07
1.912103800000000000e+07 1.912103800000000000e+07 1.912103800000000000e+07 1.912103800000000000e+07
1.912103800000000000e+07 1.912103800000000000e+07 1.912103800000000000e+07 1.912103800000000000e+07
1.912103800000000000e+07 1.912103800000000000e+07 1.912103800000000000e+07 1.912103800000000000e+07
1.912103800000000000e+07 1.912103800000000000e+07 1.912103800000000000e+07 1.912103800000000000e+07
1.912103800000000000e+07 1.912103800000000000e+07 1.912103800000000000e+07 1.912103800000000000e+07
1.912103800000000000e+07 1.912103800000000000e+07 1.912103800000000000e+07 1.912103800000000000e+07
1.912103800000000000e+07 1.912103800000000000e+07 1.912103800000000000e+07 1.912103800000000000e+07
1.912103800000000000e+07 1.912103800000000000e+07 1.912103800000000000e+07 1.912103800000000000e+07
1.912103800000000000e+07 1.912103800000000000e+07 1.912103800000000000e+07 1.912103800000000000e+07
1.912103800000000000e+07 1.912103800000000000e+07 1.912103800000000000e+07 1.912103800000000000e+07
1.912103800000000000e+07 1.912103800000000000e+07 1.912103800000000000e+07 1.912103800000000000e+07
1.912103800000000000e+07 1.912103800000000000e+07 1.912103800000000000e+07 1.912103800000000000e+07
1.912103800000000000e+07 1.912103800000000000e+07 1.912103800000000000e+07 1.912103800000000000e+07
1.912103800000000000e+07 1.912103800000000000e+07 1.912103800000000000e+07 1.912103800000000000e+07
1.912103800000000000e+07 1.912103800000000000e+07 1.912103800000000000e+07 1.912103800000000000e+07
1.912103800000000000e+07 1.912103800000000000e+07 1.912103800000000000e+07 1.912103800000000000e+07
1.912103800000000000e+07 1.912103800000000000e+07 1.912103800000000000e+07 1.912103800000000000e+07
1.912103800000000000e+07 1.912103800000000000e+07 1.912103800000000000e+07 1.912103800000000000e+07
1.912103800000000000e+07 1.912103800000000000e+07 1.912103800000000000e+07 1.912103800000000000e+07
1.912103800000000000e+07 1.912103800000000000e+07 1.912103800000000000e+07 1.912103800000000000e+07
1.912103800000000000e+07 1.912103800000000000e+07 1.912103800000000000e+07 1.912103800000000000e+07
1.912103800000000000e+07 1.912103800000000000e+07 1.912103800000000000e+07 1.912103800000000000e+07
1.912103800000000000e+07 1.912103800000000000e+07 1.912103800000000000e+07 1.912103800000000000e+07
1.912103800000000000e+07 1.912103800000000000e+07 1.912103800000000000e+07 1.912103800000000000e+07
1.912103800000000000e+07 1.912103800000000000e+07 1.912103800000000000e+07 1.912103800000000000e+07
1.912103800000000000e+07 1.912103800000000000e+07 1.912103800000000000e+07 1.912103800000000000e+07
1.912103800000000000e+07 1.912103800000000000e+07 1.912103800000000000e+07 1.912103800000000000e+07
1.912103800000000000e+07 1.912103800000000000e+07 1.912103800000000000e+07 1.912103800000000000e+07
1.912103800000000000e+07 1.912103800000000000e+07 1.912103800000000000e+07 1.912103800000000000e+07
1.912103800000000000e+07 1.912103800000000000e+07 1.912103800000000000e+07 1.912103800000000000e+07
1.912103800000000000e+07 1.912103800000000000e+07 1.912103800000000000e+07 1.912103800000000000e+07
1.912103800000000000e+07 1.912103800000000000e+07 1.912103800000000000e+07 1.912103800000000000e+07
1.912103800000000000e+07 1.912103800000000000e+07 1.912103800000000000e+07 1.912103800000000000e+07
1.912103800000000000e+07 1.912103800000000000e+07 1.912103800000000000e+07 1.912103800000000000e+07
1.912103800000000000e+07 1.912103800000000000e+07 1.912103800000000000e+07 1.912103800000000000e+07
