2.664087500000000000e+04 2.663616015625000000e+04 2.785770703125000000e+04 2.542845507812500000e+04
2.553208007812500000e+04 2.565475976562500000e+04 2.574805468750000000e+04 2.519345312500000000e+04
2.717008789062500000e+04 2.675411328125000000e+04 2.896325195312500000e+04 2.579273828125000000e+04
2.677300585937500000e+04 2.738511523437500000e+04 2.711568945312500000e+04 2.581825390625000000e+04
2.705929492187500000e+04 2.708793359375000000e+04 2.537614648437500000e+04 2.871375195312500000e+04
2.687163476562500000e+04 2.712809570312500000e+04 2.540154687500000000e+04 2.808532421875000000e+04
2.608415820312500000e+04 2.577033593750000000e+04 2.633779492187500000e+04 2.614430664062500000e+04
2.637200195312500000e+04 2.657310546875000000e+04 2.717066796875000000e+04 2.537230078125000000e+04
2.511006250000000000e+04 2.420214062500000000e+04 2.712865039062500000e+04 2.399950390625000000e+04
2.682668750000000000e+04 2.579125195312500000e+04 2.781125195312500000e+04 2.687741796875000000e+04
2.875587500000000000e+04 2.770856250000000000e+04 2.861021484375000000e+04 2.994883984375000000e+04
2.677371875000000000e+04 2.650048437500000000e+04 2.834428125000000000e+04 2.547623242187500000e+04
2.644623632812500000e+04 2.531986914062500000e+04 2.601512304687500000e+04 2.800381250000000000e+04
2.610962695312500000e+04 2.516062695312500000e+04 2.365981250000000000e+04 2.950847656250000000e+04
2.582441992187500000e+04 2.627656445312500000e+04 2.503950000000000000e+04 2.615727539062500000e+04
2.597554882812500000e+04 2.470416406250000000e+04 2.713944140625000000e+04 2.608286718750000000e+04
2.612132031250000000e+04 2.610283984375000000e+04 2.751577539062500000e+04 2.474541796875000000e+04
2.773823242187500000e+04 2.845998632812500000e+04 2.824573046875000000e+04 2.650899609375000000e+04
2.767735156250000000e+04 2.867180078125000000e+04 2.679840820312500000e+04 2.756184570312500000e+04
2.595177929687500000e+04 2.650916796875000000e+04 2.673285546875000000e+04 2.461326953125000000e+04
2.691065820312500000e+04 2.805468359375000000e+04 2.662602734375000000e+04 2.605138281250000000e+04
2.464494335937500000e+04 2.334325976562500000e+04 2.629763476562500000e+04 2.429400000000000000e+04
2.671884375000000000e+04 2.771258007812500000e+04 2.777811523437500000e+04 2.466595703125000000e+04
2.627358007812500000e+04 2.687331835937500000e+04 2.727074218750000000e+04 2.467686914062500000e+04
2.791738867187500000e+04 2.735514648437500000e+04 2.783505468750000000e+04 2.856202734375000000e+04
2.689062304687500000e+04 2.765696484375000000e+04 2.785902539062500000e+04 2.515592578125000000e+04
2.623575976562500000e+04 2.685520898437500000e+04 2.636145898437500000e+04 2.549060546875000000e+04
2.511343554687500000e+04 2.572091210937500000e+04 2.468933593750000000e+04 2.493002148437500000e+04
2.285097070312500000e+04 2.414738671875000000e+04 2.310172656250000000e+04 2.130377734375000000e+04
2.418645507812500000e+04 2.463376757812500000e+04 2.428289453125000000e+04 2.364267187500000000e+04
2.482919531250000000e+04 2.460744140625000000e+04 2.467725585937500000e+04 2.520289453125000000e+04
2.509673242187500000e+04 2.543478320312500000e+04 2.541840820312500000e+04 2.443683398437500000e+04
2.589074804687500000e+04 2.548707031250000000e+04 2.622766406250000000e+04 2.595735742187500000e+04
2.713739843750000000e+04 2.754237500000000000e+04 2.717899609375000000e+04 2.669079687500000000e+04
2.604406835937500000e+04 2.679213476562500000e+04 2.697468554687500000e+04 2.436525000000000000e+04
2.570513867187500000e+04 2.596843750000000000e+04 2.607215429687500000e+04 2.507493164062500000e+04
2.535660742187500000e+04 2.658057031250000000e+04 2.564876757812500000e+04 2.384050585937500000e+04
2.641728710937500000e+04 2.608036914062500000e+04 2.618404882812500000e+04 2.698750000000000000e+04
2.609157226562500000e+04 2.714523828125000000e+04 2.489792187500000000e+04 2.623162890625000000e+04
2.592744335937500000e+04 2.660791796875000000e+04 2.604207617187500000e+04 2.513239648437500000e+04
2.735025781250000000e+04 2.763485546875000000e+04 2.688115820312500000e+04 2.753447265625000000e+04
2.428200781250000000e+04 2.409293359375000000e+04 2.567542187500000000e+04 2.307770898437500000e+04
2.614200585937500000e+04 2.589274218750000000e+04 2.555582226562500000e+04 2.697739648437500000e+04
2.478934960937500000e+04 2.380497070312500000e+04 2.538496289062500000e+04 2.517797460937500000e+04
