2.413559960937500000e+04 2.358321093750000000e+04 2.313647851562500000e+04 2.568722656250000000e+04
2.593789843750000000e+04 2.579190625000000000e+04 2.572839062500000000e+04 2.629337109375000000e+04
2.690461718750000000e+04 2.652572265625000000e+04 2.620852343750000000e+04 2.797940625000000000e+04
2.719911914062500000e+04 2.563982226562500000e+04 2.794743750000000000e+04 2.801017382812500000e+04
2.606080273437500000e+04 2.714279492187500000e+04 2.538462695312500000e+04 2.565496093750000000e+04
2.569668554687500000e+04 2.538043164062500000e+04 2.559388085937500000e+04 2.611573242187500000e+04
2.613162304687500000e+04 2.718075390625000000e+04 2.546625195312500000e+04 2.574788671875000000e+04
2.611003710937500000e+04 2.706190820312500000e+04 2.608080859375000000e+04 2.518739257812500000e+04
2.687248242187500000e+04 2.661987695312500000e+04 2.618875976562500000e+04 2.780879101562500000e+04
2.877671289062500000e+04 2.740403320312500000e+04 3.053869921875000000e+04 2.838746679687500000e+04
2.509099218750000000e+04 2.429029296875000000e+04 2.388344531250000000e+04 2.709899609375000000e+04
2.471141601562500000e+04 2.530690234375000000e+04 2.448866796875000000e+04 2.433865039062500000e+04
2.481132226562500000e+04 2.465735351562500000e+04 2.592647265625000000e+04 2.385015429687500000e+04
2.480731054687500000e+04 2.397467968750000000e+04 2.601242968750000000e+04 2.443468359375000000e+04
2.492224804687500000e+04 2.391283203125000000e+04 2.530016796875000000e+04 2.555340039062500000e+04
2.557814843750000000e+04 2.652152929687500000e+04 2.480811132812500000e+04 2.540491015625000000e+04
2.646751757812500000e+04 2.486984375000000000e+04 2.726131250000000000e+04 2.727142968750000000e+04
2.615397460937500000e+04 2.667126757812500000e+04 2.474770117187500000e+04 2.704303710937500000e+04
2.700285156250000000e+04 2.556668750000000000e+04 2.856504101562500000e+04 2.687733984375000000e+04
2.738280664062500000e+04 2.813900976562500000e+04 2.876122070312500000e+04 2.524813867187500000e+04
2.627018164062500000e+04 2.481236328125000000e+04 2.815207812500000000e+04 2.584611132812500000e+04
2.743718750000000000e+04 2.753874218750000000e+04 2.919430859375000000e+04 2.557845703125000000e+04
2.699892773437500000e+04 2.760745703125000000e+04 2.777974414062500000e+04 2.560969140625000000e+04
2.761727929687500000e+04 2.803623046875000000e+04 2.877679882812500000e+04 2.603889843750000000e+04
2.763248437500000000e+04 2.873074804687500000e+04 2.846968554687500000e+04 2.569675195312500000e+04
2.776766992187500000e+04 2.759247851562500000e+04 2.928096289062500000e+04 2.642952734375000000e+04
2.665110937500000000e+04 2.923825195312500000e+04 2.645918945312500000e+04 2.425585351562500000e+04
2.772748632812500000e+04 2.716753125000000000e+04 2.924480078125000000e+04 2.677013281250000000e+04
2.644638281250000000e+04 2.545700000000000000e+04 2.752894726562500000e+04 2.635321484375000000e+04
2.590680468750000000e+04 2.587369335937500000e+04 2.576931250000000000e+04 2.607742773437500000e+04
2.672928906250000000e+04 2.739422851562500000e+04 2.586094531250000000e+04 2.693259570312500000e+04
2.696426367187500000e+04 2.521338281250000000e+04 2.739308203125000000e+04 2.828618359375000000e+04
2.584594726562500000e+04 2.587095507812500000e+04 2.528178906250000000e+04 2.638515625000000000e+04
2.665579687500000000e+04 2.656176757812500000e+04 2.634043164062500000e+04 2.706521679687500000e+04
2.534216992187500000e+04 2.496840234375000000e+04 2.493596875000000000e+04 2.612215039062500000e+04
2.541774023437500000e+04 2.681361523437500000e+04 2.538169726562500000e+04 2.405779687500000000e+04
2.607390820312500000e+04 2.520089062500000000e+04 2.602535937500000000e+04 2.699524023437500000e+04
2.707373437500000000e+04 2.840706835937500000e+04 2.646553320312500000e+04 2.634851953125000000e+04
2.600983398437500000e+04 2.502495312500000000e+04 2.618495312500000000e+04 2.681982031250000000e+04
2.703708398437500000e+04 2.685091210937500000e+04 2.702158007812500000e+04 2.723881054687500000e+04
2.565938281250000000e+04 2.665837109375000000e+04 2.321273437500000000e+04 2.710691992187500000e+04
2.588304492187500000e+04 2.774578906250000000e+04 2.610870898437500000e+04 2.379467578125000000e+04
2.652082812500000000e+04 2.448625976562500000e+04 2.993090625000000000e+04 2.514537695312500000e+04
2.510719335937500000e+04 2.493088085937500000e+04 2.402111328125000000e+04 2.636921093750000000e+04
