1.912064800000000000e+07 1.912064800000000000e+07 1.912064800000000000e+07 1.912064800000000000e+07
1.912064800000000000e+07 1.912064800000000000e+07 1.912064800000000000e+07 1.912064800000000000e+07
1.912064800000000000e+07 1.912064800000000000e+07 1.912064800000000000e+07 1.912064800000000000e+07
1.912064800000000000e+07 1.912064800000000000e+07 1.912064800000000000e+07 1.912064800000000000e+07
1.912064800000000000e+07 1.912064800000000000e+07 1.912064800000000000e+07 1.912064800000000000e+07
1.912064800000000000e+07 1.912064800000000000e+07 1.912064800000000000e+07 1.912064800000000000e+07
1.912064800000000000e+07 1.912064800000000000e+07 1.912064800000000000e+07 1.912064800000000000e+07
1.912064800000000000e+07 1.912064800000000000e+07 1.912064800000000000e+07 1.912064800000000000e+07
1.912064800000000000e+07 1.912064800000000000e+07 1.912064800000000000e+07 1.912064800000000000e+07
1.912064800000000000e+07 1.912064800000000000e+07 1.912064800000000000e+07 1.912064800000000000e+07
1.912064800000000000e+07 1.912064800000000000e+07 1.912064800000000000e+07 1.912064800000000000e+07
1.912064800000000000e+07 1.912064800000000000e+07 1.912064800000000000e+07 1.912064800000000000e+07
1.912064800000000000e+07 1.912064800000000000e+07 1.912064800000000000e+07 1.912064800000000000e+07
1.912064800000000000e+07 1.912064800000000000e+07 1.912064800000000000e+07 1.912064800000000000e+07
1.912064800000000000e+07 1.912064800000000000e+07 1.912064800000000000e+07 1.912064800000000000e+07
1.912064800000000000e+07 1.912064800000000000e+07 1.912064800000000000e+07 1.912064800000000000e+07
1.912064800000000000e+07 1.912064800000000000e+07 1.912064800000000000e+07 1.912064800000000000e+07
1.912064800000000000e+07 1.912064800000000000e+07 1.912064800000000000e+07 1.912064800000000000e+07
1.912064800000000000e+07 1.912064800000000000e+07 1.912064800000000000e+07 1.912064800000000000e+07
1.912064800000000000e+07 1.912064800000000000e+07 1.912064800000000000e+07 1.912064800000000000e+07
1.912064800000000000e+07 1.912064800000000000e+07 1.912064800000000000e+07 1.912064800000000000e+07
1.912064800000000000e+07 1.912064800000000000e+07 1.912064800000000000e+07 1.912064800000000000e+07
1.912064800000000000e+07 1.912064800000000000e+07 1.912064800000000000e+07 1.912064800000000000e+07
1.912064800000000000e+07 1.912064800000000000e+07 1.912064800000000000e+07 1.912064800000000000e+07
1.912064800000000000e+07 1.912064800000000000e+07 1.912064800000000000e+07 1.912064800000000000e+07
1.912064800000000000e+07 1.912064800000000000e+07 1.912064800000000000e+07 1.912064800000000000e+07
1.912064800000000000e+07 1.912064800000000000e+07 1.912064800000000000e+07 1.912064800000000000e+07
1.912064800000000000e+07 1.912064800000000000e+07 1.912064800000000000e+07 1.912064800000000000e+07
1.912064800000000000e+07 1.912064800000000000e+07 1.912064800000000000e+07 1.912064800000000000e+07
1.912064800000000000e+07 1.912064800000000000e+07 1.912064800000000000e+07 1.912064800000000000e+07
1.912064800000000000e+07 1.912064800000000000e+07 1.912064800000000000e+07 1.912064800000000000e+07
1.912064800000000000e+07 1.912064800000000000e+07 1.912064800000000000e+07 1.912064800000000000e+07
1.912064800000000000e+07 1.912064800000000000e+07 1.912064800000000000e+07 1.912064800000000000e+07
1.912064800000000000e+07 1.912064800000000000e+07 1.912064800000000000e+07 1.912064800000000000e+07
1.912064800000000000e+07 1.912064800000000000e+07 1.912064800000000000e+07 1.912064800000000000e+07
1.912064800000000000e+07 1.912064800000000000e+07 1.912064800000000000e+07 1.912064800000000000e+07
1.912064800000000000e+07 1.912064800000000000e+07 1.912064800000000000e+07 1.912064800000000000e+07
1.912064800000000000e+07 1.912064800000000000e+07 1.912064800000000000e+07 1.912064800000000000e+07
1.912064800000000000e+07 1.912064800000000000e+07 1.912064800000000000e+07 1.912064800000000000e+07
1.912064800000000000e+07 1.912064800000000000e+07 1.912064800000000000e+07 1.912064800000000000e+07
1.912064800000000000e+07 1.912064800000000000e+07 1.912064800000000000e+07 1.912064800000000000e+07
1.912064800000000000e+07 1.912064800000000000e+07 1.912064800000000000e+07 1.912064800000000000e+07
1.912064800000000000e+07 1.912064800000000000e+07 1.912064800000000000e+07 1.912064800000000000e+07
1.912064800000000000e+07 1.912064800000000000e+07 1.912064800000000000e+07 1.912064800000000000e+07
