2.506758007812500000e+04 2.433785937500000000e+04 2.514924218750000000e+04 2.571544335937500000e+04
2.420359179687500000e+04 2.436827539062500000e+04 2.537562109375000000e+04 2.286672851562500000e+04
2.687068750000000000e+04 2.563808398437500000e+04 2.675681445312500000e+04 2.821713085937500000e+04
2.640921289062500000e+04 2.549022656250000000e+04 2.549478515625000000e+04 2.824287304687500000e+04
2.496762500000000000e+04 2.464966015625000000e+04 2.640129101562500000e+04 2.385184960937500000e+04
2.587957031250000000e+04 2.555723046875000000e+04 2.470552929687500000e+04 2.737600195312500000e+04
2.914243750000000000e+04 2.838323242187500000e+04 2.953168164062500000e+04 2.951234179687500000e+04
2.554237695312500000e+04 2.668856445312500000e+04 2.622394726562500000e+04 2.371436718750000000e+04
2.527161914062500000e+04 2.579675000000000000e+04 2.662154101562500000e+04 2.339663476562500000e+04
2.561259960937500000e+04 2.596784179687500000e+04 2.552786132812500000e+04 2.534202539062500000e+04
2.611266406250000000e+04 2.641874414062500000e+04 2.594022656250000000e+04 2.597907031250000000e+04
2.406456445312500000e+04 2.513872656250000000e+04 2.515003515625000000e+04 2.190495507812500000e+04
2.559162304687500000e+04 2.708950976562500000e+04 2.630612695312500000e+04 2.337908789062500000e+04
2.581542968750000000e+04 2.546310937500000000e+04 2.605981054687500000e+04 2.592339453125000000e+04
2.455731835937500000e+04 2.513382031250000000e+04 2.476738476562500000e+04 2.377052734375000000e+04
2.669824218750000000e+04 2.598820898437500000e+04 2.770859179687500000e+04 2.639781445312500000e+04
2.659074804687500000e+04 2.708759765625000000e+04 2.858992773437500000e+04 2.409464648437500000e+04
2.750028710937500000e+04 2.742530078125000000e+04 2.962619921875000000e+04 2.544928320312500000e+04
2.612637304687500000e+04 2.615323632812500000e+04 2.569330468750000000e+04 2.653254492187500000e+04
2.590951367187500000e+04 2.621664453125000000e+04 2.462415625000000000e+04 2.688775390625000000e+04
2.554270507812500000e+04 2.517887890625000000e+04 2.584674414062500000e+04 2.560246289062500000e+04
2.821093554687500000e+04 2.706912500000000000e+04 2.835449023437500000e+04 2.920917578125000000e+04
2.726594726562500000e+04 2.624628906250000000e+04 2.840970898437500000e+04 2.714192382812500000e+04
2.498220312500000000e+04 2.512334375000000000e+04 2.424433398437500000e+04 2.557886132812500000e+04
2.672485351562500000e+04 2.694458593750000000e+04 2.674793359375000000e+04 2.648201562500000000e+04
2.706156054687500000e+04 2.720823046875000000e+04 2.690341992187500000e+04 2.707292382812500000e+04
2.485940625000000000e+04 2.722283203125000000e+04 2.464916796875000000e+04 2.270624218750000000e+04
2.741380273437500000e+04 2.551682617187500000e+04 2.760917773437500000e+04 2.911534570312500000e+04
2.552275000000000000e+04 2.565145703125000000e+04 2.435550976562500000e+04 2.656149023437500000e+04
2.494964062500000000e+04 2.571106054687500000e+04 2.468904882812500000e+04 2.444883007812500000e+04
2.729402929687500000e+04 2.851802929687500000e+04 2.756111523437500000e+04 2.580298437500000000e+04
2.550487695312500000e+04 2.703921289062500000e+04 2.459173046875000000e+04 2.488364843750000000e+04
2.694759179687500000e+04 2.502386328125000000e+04 2.856262304687500000e+04 2.725633789062500000e+04
2.445792968750000000e+04 2.520354101562500000e+04 2.422489062500000000e+04 2.394542187500000000e+04
2.641231250000000000e+04 2.608114257812500000e+04 2.722919335937500000e+04 2.592680664062500000e+04
2.597445117187500000e+04 2.552859179687500000e+04 2.550300000000000000e+04 2.689152539062500000e+04
2.434112304687500000e+04 2.423260937500000000e+04 2.528814843750000000e+04 2.350268945312500000e+04
2.668822460937500000e+04 2.655202148437500000e+04 2.764329492187500000e+04 2.586931835937500000e+04
2.755081835937500000e+04 2.687351171875000000e+04 2.866846484375000000e+04 2.711052343750000000e+04
2.676652929687500000e+04 2.777854296875000000e+04 2.623631640625000000e+04 2.628465625000000000e+04
2.817376757812500000e+04 2.926003515625000000e+04 2.817118554687500000e+04 2.709027929687500000e+04
2.790673632812500000e+04 2.773722460937500000e+04 2.769415429687500000e+04 2.828889843750000000e+04
2.703738476562500000e+04 2.776525390625000000e+04 2.605361132812500000e+04 2.729322460937500000e+04
2.508782617187500000e+04 2.595828125000000000e+04 2.643636718750000000e+04 2.286890429687500000e+04
