1.912104200000000000e+07 1.912104200000000000e+07 1.912104200000000000e+07 1.912104200000000000e+07
1.912104200000000000e+07 1.912104200000000000e+07 1.912104200000000000e+07 1.912104200000000000e+07
1.912104200000000000e+07 1.912104200000000000e+07 1.912104200000000000e+07 1.912104200000000000e+07
1.912104200000000000e+07 1.912104200000000000e+07 1.912104200000000000e+07 1.912104200000000000e+07
1.912104200000000000e+07 1.912104200000000000e+07 1.912104200000000000e+07 1.912104200000000000e+07
1.912104200000000000e+07 1.912104200000000000e+07 1.912104200000000000e+07 1.912104200000000000e+07
1.912104200000000000e+07 1.912104200000000000e+07 1.912104200000000000e+07 1.912104200000000000e+07
1.912104200000000000e+07 1.912104200000000000e+07 1.912104200000000000e+07 1.912104200000000000e+07
1.912104200000000000e+07 1.912104200000000000e+07 1.912104200000000000e+07 1.912104200000000000e+07
1.912104200000000000e+07 1.912104200000000000e+07 1.912104200000000000e+07 1.912104200000000000e+07
1.912104200000000000e+07 1.912104200000000000e+07 1.912104200000000000e+07 1.912104200000000000e+07
1.912104200000000000e+07 1.912104200000000000e+07 1.912104200000000000e+07 1.912104200000000000e+07
1.912104200000000000e+07 1.912104200000000000e+07 1.912104200000000000e+07 1.912104200000000000e+07
1.912104200000000000e+07 1.912104200000000000e+07 1.912104200000000000e+07 1.912104200000000000e+07
1.912104200000000000e+07 1.912104200000000000e+07 1.912104200000000000e+07 1.912104200000000000e+07
1.912104200000000000e+07 1.912104200000000000e+07 1.912104200000000000e+07 1.912104200000000000e+07
1.912104200000000000e+07 1.912104200000000000e+07 1.912104200000000000e+07 1.912104200000000000e+07
1.912104200000000000e+07 1.912104200000000000e+07 1.912104200000000000e+07 1.912104200000000000e+07
1.912104200000000000e+07 1.912104200000000000e+07 1.912104200000000000e+07 1.912104200000000000e+07
1.912104200000000000e+07 1.912104200000000000e+07 1.912104200000000000e+07 1.912104200000000000e+07
1.912104200000000000e+07 1.912104200000000000e+07 1.912104200000000000e+07 1.912104200000000000e+07
1.912104200000000000e+07 1.912104200000000000e+07 1.912104200000000000e+07 1.912104200000000000e+07
1.912104200000000000e+07 1.912104200000000000e+07 1.912104200000000000e+07 1.912104200000000000e+07
1.912104200000000000e+07 1.912104200000000000e+07 1.912104200000000000e+07 1.912104200000000000e+07
1.912104200000000000e+07 1.912104200000000000e+07 1.912104200000000000e+07 1.912104200000000000e+07
1.912104200000000000e+07 1.912104200000000000e+07 1.912104200000000000e+07 1.912104200000000000e+07
1.912104200000000000e+07 1.912104200000000000e+07 1.912104200000000000e+07 1.912104200000000000e+07
1.912104200000000000e+07 1.912104200000000000e+07 1.912104200000000000e+07 1.912104200000000000e+07
1.912104200000000000e+07 1.912104200000000000e+07 1.912104200000000000e+07 1.912104200000000000e+07
1.912104200000000000e+07 1.912104200000000000e+07 1.912104200000000000e+07 1.912104200000000000e+07
1.912104200000000000e+07 1.912104200000000000e+07 1.912104200000000000e+07 1.912104200000000000e+07
1.912104200000000000e+07 1.912104200000000000e+07 1.912104200000000000e+07 1.912104200000000000e+07
1.912104200000000000e+07 1.912104200000000000e+07 1.912104200000000000e+07 1.912104200000000000e+07
1.912104200000000000e+07 1.912104200000000000e+07 1.912104200000000000e+07 1.912104200000000000e+07
1.912104200000000000e+07 1.912104200000000000e+07 1.912104200000000000e+07 1.912104200000000000e+07
1.912104200000000000e+07 1.912104200000000000e+07 1.912104200000000000e+07 1.912104200000000000e+07
1.912104200000000000e+07 1.912104200000000000e+07 1.912104200000000000e+07 1.912104200000000000e+07
1.912104200000000000e+07 1.912104200000000000e+07 1.912104200000000000e+07 1.912104200000000000e+07
1.912104200000000000e+07 1.912104200000000000e+07 1.912104200000000000e+07 1.912104200000000000e+07
1.912104200000000000e+07 1.912104200000000000e+07 1.912104200000000000e+07 1.912104200000000000e+07
1.912104200000000000e+07 1.912104200000000000e+07 1.912104200000000000e+07 1.912104200000000000e+07
1.912104200000000000e+07 1.912104200000000000e+07 1.912104200000000000e+07 1.912104200000000000e+07
1.912104200000000000e+07 1.912104200000000000e+07 1.912104200000000000e+07 1.912104200000000000e+07
1.912104200000000000e+07 1.912104200000000000e+07 1.912104200000000000e+07 1.912104200000000000e+07
