# Frequency - Magnitude - Phase - Real part - Imaginary part
-99800.00252116012 0.00048036070007261483 -0.7071313887762225 0.3651839477213219 -0.3120690412407541
-99600.00251610769 0.00048037391115438797 -0.703992592845514 0.36617173857978 -0.3109298190640857
-99400.00251105527 0.00048039886720746463 -0.7008521559509203 0.36716546053092536 -0.3097944418599674
-99200.00250600284 0.00048042136150394904 -0.6977128363552196 0.36815343111468746 -0.30865471930263944
-99000.00250095042 0.0004804519974918998 -0.6945697706678674 0.36914527163030275 -0.30751567492885057
-98800.00249589799 0.00048048560327831446 -0.6914282733761405 0.37013539590419375 -0.306375918858796
-98600.00249084557 0.00048052608687455437 -0.688288172963402 0.37112688754288237 -0.305237863820504
-98400.00248579314 0.00048057081451046834 -0.6851461080109142 0.3721187649701435 -0.3040985572414806
-98200.00248074072 0.0004806183454071727 -0.6820059827108551 0.3731087350594231 -0.3029585215244582
-98000.00247568829 0.0004806730189598494 -0.6788656343174315 0.37410084067716365 -0.3018196682799436
-97800.00247063587 0.00048073383958773485 -0.6757198179073137 0.3750959130137902 -0.3006793650470832
-97600.00246558344 0.00048079693573374783 -0.6725834520757238 0.37608646182302785 -0.29954075957104376
-97400.00246053102 0.0004808622185314784 -0.6694445103474351 0.37707604107130044 -0.2983992836134334
-97200.00245547859 0.00048093643011189814 -0.666301941206513 0.3780702566261864 -0.29725869350346384
-97000.00245042617 0.0004810143191169934 -0.6631619876861424 0.37906315022020465 -0.296118056424662
-96800.00244537374 0.00048109593189682806 -0.6600195027150902 0.38005629605388214 -0.29497543544756627
-96600.00244032132 0.00048118540771675204 -0.6568783872036871 0.3810518276214936 -0.29383481969612874
-96400.00243526889 0.00048127431076960435 -0.6537333391396859 0.3820446390989434 -0.29268900891990435
-96200.00243021647 0.0004813712516886616 -0.650600385669096 0.38303688154484894 -0.2915493600210882
-96000.00242516404 0.0004814731534084799 -0.6474549897934564 0.38403330239314015 -0.29040458003641156
-95800.00242011162 0.0004815783305569993 -0.6443171041372566 0.385026756803212 -0.289261274642263
-95600.00241505919 0.00048168995648163217 -0.6411760712409094 0.3860228913550536 -0.28811723573080655
-95400.00241000677 0.0004818081461026475 -0.6380299610657173 0.3870223662586765 -0.2869717367031203
-95200.00240495434 0.00048192646212493937 -0.634893372030904 0.38801583375068527 -0.28582656919016686
-95000.00239990192 0.0004820532204045487 -0.6317506089555391 0.38901449453903253 -0.2846805759811115
-94800.00239484949 0.0004821823746831706 -0.6286085781437822 0.3900115139479481 -0.2835328225146623
-94600.00238979707 0.00048231761020263957 -0.6254731366283486 0.3910082295443499 -0.282387750336622
-94400.00238474464 0.0004824579149519035 -0.6223255674850298 0.3920091272702927 -0.2812374154278225
-94200.00237969222 0.0004826027041635275 -0.6191890477836121 0.3930072132795983 -0.28009052175351024
-94000.0023746398 0.0004827528196654181 -0.6160483759990476 0.3940074654460384 -0.2789415746490662
-93800.00236958737 0.00048290532706397513 -0.6129059046935186 0.3950068324432453 -0.2777897716438075
-93600.00236453494 0.00048306728495527894 -0.6097660562851327 0.39600987183373615 -0.2766408921405014
-93400.00235948252 0.0004832312419415606 -0.6066241909851261 0.397011787582785 -0.2754887905318558
-93200.0023544301 0.0004834006190350045 -0.6034788832821751 0.39801577875026894 -0.2743348289030078
-93000.00234937767 0.00048357706332296114 -0.6003427361245454 0.3990197660097291 -0.27318492364257624
-92800.00234432524 0.00048375276150987485 -0.5971982927476128 0.4000220938104613 -0.2720276800840759
-92600.00233927282 0.0004839367074008976 -0.5940582712032841 0.40102672466985245 -0.2708732228748208
-92400.0023342204 0.0004841259388916773 -0.5909217828322216 0.4020314844603985 -0.2697195028364031
-92200.00232916797 0.00048432102704100346 -0.5877765595265443 0.4030401702049706 -0.26856187077692306
-92000.00232411554 0.00048451969128810525 -0.5846328511281608 0.404048126470995 -0.2674031464683983
-91800.00231906312 0.00048472340950160835 -0.5814980510283702 0.4050546304646532 -0.2662471221591084
-91600.0023140107 0.0004849317156627538 -0.5783554751399559 0.40606375858119714 -0.26508676470645065
-91400.00230895827 0.0004851453712822305 -0.5752108232218289 0.4070746287141561 -0.26392475809178123
-91200.00230390584 0.0004853640955547774 -0.5720754182978395 0.4080840362377388 -0.26276553164679534
-91000.00229885342 0.00048558624601222614 -0.5689314174750725 0.4090953097046328 -0.26160089811374276
-90800.002293801 0.0004858161156880079 -0.5657882690801238 0.41010958622159305 -0.26043698959890016
-90600.00228874857 0.0004860499353742579 -0.5626489893738417 0.41112292382611093 -0.25927298583151703
-90400.00228369614 0.0004862894746093949 -0.559510587679279 0.41213761366881263 -0.25810858280045224
-90200.00227864372 0.00048653205008407965 -0.5563712962503065 0.4131518490871988 -0.25694159911319514
-90000.0022735913 0.00048678033053714727 -0.5532292093274755 0.41416838614217544 -0.25577262972851533
-89800.00226853887 0.00048703255383000717 -0.5500863206002702 0.4151852193707857 -0.25460153594629276
-89600.00226348644 0.00048729427370839594 -0.5469412027831579 0.41620745642779566 -0.25343058695212317
-89400.00225843402 0.00048755944978458673 -0.5438042958382326 0.4172273190281206 -0.2522609389716446
-89200.0022533816 0.00048782441115648195 -0.5406643620562364 0.4182445127271819 -0.2510860085583635
-89000.00224832917 0.0004880982734646574 -0.5375225852188821 0.41926654562516813 -0.24991096070144314
-88800.00224327674 0.0004883796890140231 -0.5343798990268973 0.4202920475140922 -0.24873543261434616
-88600.00223822432 0.0004886638865281687 -0.5312395596892023 0.42131611683918413 -0.24755832381151288
-88400.0022331719 0.0004889515834189784 -0.5281009309246499 0.42233953671576696 -0.2463797204614
-88200.00222811947 0.000489247829378119 -0.5249588034547744 0.4233679618973498 -0.2451999335034274
-88000.00222306704 0.0004895480845990568 -0.5218192789143483 0.4243959807443156 -0.24401921781424463
-87800.00221801462 0.0004898528050613193 -0.5186748303694545 0.4254258299089866 -0.2428345812949484
-87600.0022129622 0.0004901635206477614 -0.5155310497877805 0.426457477181418 -0.24164911986156445
-87400.00220790977 0.0004904805561396819 -0.5123915295650089 0.42749035658533296 -0.24046449005546844
-87200.00220285734 0.0004908004109287883 -0.5092544021732186 0.42852188735526475 -0.23927815492716675
-87000.00219780492 0.0004911251696099763 -0.5061120115454228 0.42955572141830345 -0.23808782921692728
-86800.0021927525 0.0004914583373783356 -0.5029708451285247 0.4305933808898257 -0.23689794788589347
-86600.00218770007 0.0004917962293488653 -0.4998368619177491 0.43163025378017905 -0.23570925994415215
-86400.00218264764 0.000492135632557134 -0.49669218064620313 0.4326677398055262 -0.23451248956929338
-86200.00217759522 0.0004924819799422631 -0.4935491702260448 0.43370768997483233 -0.23331553789781412
-86000.0021725428 0.0004928353899726152 -0.490411822671141 0.43474930298656267 -0.23212015242575929
-85800.00216749037 0.0004931963428807373 -0.48726819884363703 0.4357957955352802 -0.23092132258565046
-85600.00216243794 0.0004935578582820859 -0.48412694833423103 0.436838996611482 -0.22971950398578084
-85400.00215738552 0.0004939273094512324 -0.4809857168667502 0.437885975326752 -0.22851708827541245
-85200.0021523331 0.0004943003153890023 -0.47784533724870154 0.43893267008062764 -0.2273123686242305
-85000.00214728067 0.0004946808673371762 -0.47470227548689503 0.43998343152667857 -0.22610559588711976
-84800.00214222824 0.0004950649146844789 -0.47156460861309535 0.44103284047938757 -0.22489842900792667
-84600.00213717582 0.0004954575624527267 -0.4684220118109042 0.4420877790683786 -0.22368860451526362
-84400.0021321234 0.0004958557370363325 -0.4652791732286282 0.44314445891231796 -0.2224767414521201
-84200.00212707097 0.0004962563920641955 -0.46214035595262787 0.44419921505002563 -0.22126333635176348
-84000.00212201854 0.0004966626526732651 -0.4589981483456744 0.44525648769611975 -0.22004647401164928
-83800.00211696612 0.0004970751674820654 -0.45585801500928197 0.4463156569140261 -0.21882882927238978
-83600.0021119137 0.0004974947332263762 -0.4527148011486682 0.44737857676431114 -0.21760840663982312
-83400.00210686127 0.000497917870603636 -0.4495731553750723 0.44844110772447365 -0.21638571757236258
-83200.00210180884 0.0004983503794350627 -0.4464330628691517 0.44950848680482025 -0.21516324261711556
-83000.00209675642 0.000498785641950335 -0.44329645340078155 0.4505743487586286 -0.2139389465631385
-82800.002091704 0.0004992280385434147 -0.44015108582170975 0.45164526601442967 -0.21270916330675588
-82600.00208665157 0.0004996703371831886 -0.437012939337752 0.45271128492410884 -0.21147798552833746
-82400.00208159914 0.0005001258960827535 -0.4338736140480317 0.4537862999034308 -0.21024724957185698
-82200.00207654672 0.0005005841803605705 -0.4307311150222258 0.454861184881558 -0.20901154062732807
-82000.0020714943 0.0005010493240431885 -0.42759016747142137 0.4559387000885621 -0.20777470222740874
-81800.00206644187 0.0005015183521465377 -0.4244508663722202 0.4570161285855236 -0.2065355072438605
-81600.00206138944 0.0005019935298101039 -0.4213074928515641 0.45809671368140914 -0.20529224263352186
-81400.00205633702 0.000502474403750182 -0.41816794015998177 0.4591784199276611 -0.20404829109021566
-81200.0020512846 0.0005029609674030869 -0.4150250721413861 0.4602627053482681 -0.20280033726930147
-81000.00204623217 0.0005034556978791896 -0.4118841641352871 0.46135076644133155 -0.20155175521691154
-80800.00204117974 0.0005039568081287776 -0.40874592434518997 0.46244084010623465 -0.20030210648214752
-80600.00203612732 0.0005044616634362568 -0.4056067785268704 0.46353123103072186 -0.19904865670488392
-80400.0020310749 0.0005049726019168744 -0.40246230037048286 0.4646249566731161 -0.19779023818986396
-80200.00202602247 0.0005054885413028471 -0.3993213552981489 0.4657192599254047 -0.19653049718304128
-80000.00202097005 0.0005060147824006203 -0.39618080767344477 0.4668196548660304 -0.19526999216138502
-79800.0020159176 0.0005065435196711535 -0.39304040975377075 0.4679189978761771 -0.19400553792970565
-79600.00201086518 0.000507080301559327 -0.3898959596563905 0.46902321997655555 -0.19273725989626805
-79400.00200581276 0.0005076219672546971 -0.3867574202818311 0.47012747905923974 -0.19146857463545514
-79200.00200076033 0.0005081687027015167 -0.38361920604548994 0.47123302907510084 -0.1901969051116438
-79000.0019957079 0.0005087231819482597 -0.38047741359477594 0.47234308857736657 -0.18892136598266554
-78800.00199065548 0.0005092839307045219 -0.3773342886144827 0.4734558580105247 -0.18764240615960512
-78600.00198560306 0.0005098530956559016 -0.37419474081038334 0.4745724160040108 -0.18636308947327038
-78400.00198055063 0.0005104269215693747 -0.37105516527611293 0.47568995146792536 -0.18508028618745792
-78200.0019754982 0.0005110042931311752 -0.3679146784779676 0.47680758043812155 -0.18379314142599606
-78000.00197044578 0.0005115898077041 -0.36476796425115016 0.4779305549050039 -0.18250072886132013
-77800.00196539336 0.0005121844980447588 -0.3616323805742203 0.4790566768819777 -0.18121164524433292
-77600.00196034093 0.0005127813177184295 -0.35849349355311394 0.48018199658866123 -0.17991645270284728
-77400.0019552885 0.0005133868858341695 -0.3553483239352954 0.48131322388068415 -0.178615998902923
-77200.00195023608 0.000513996947678385 -0.35220760536686646 0.4824444439277621 -0.17731390454763807
-77000.00194518366 0.0005146124785533182 -0.3490672406200493 0.48357730397061344 -0.17600850595156536
-76800.00194013123 0.0005152395408219209 -0.3459256657835645 0.4847177769742135 -0.17470106213632625
-76600.0019350788 0.0005158716384696897 -0.3427822265249768 0.4858598676673526 -0.1733889741813614
-76400.00193002638 0.0005165105382094041 -0.33964209840982895 0.4870043369078795 -0.17207530884553107
-76200.00192497396 0.00051715614672269 -0.3365043951438747 0.4881512592882865 -0.17075956239203888
-76000.00191992153 0.0005178076773084843 -0.33336225840280953 0.489301060724232 -0.1694380791137246
-75800.0019148691 0.0005184648403352656 -0.330221133801767 0.49045252902962966 -0.16811337672033333
-75600.00190981668 0.0005191307063061087 -0.32707940658272383 0.49160883893089025 -0.16678561003546222
-75400.00190476426 0.0005198029317734276 -0.3239379267135789 0.492767628453735 -0.16545438110951416
-75200.00189971183 0.0005204805927251895 -0.32080020412601995 0.493927440821205 -0.16412108520046909
-75000.0018946594 0.0005211673562581731 -0.3176587458312502 0.49509298656389944 -0.1627831314490908
-74800.00188960698 0.000521859614095738 -0.31452301176135894 0.496259294729928 -0.16144401264310493
-74600.00188455456 0.0005225574359509276 -0.31137799063629784 0.497428849641381 -0.16009626295469914
-74400.00187950213 0.0005232666189371292 -0.308238623596239 0.4986047572902519 -0.1587490173242777
-74200.0018744497 0.0005239816119760024 -0.30509264850401846 0.499783683573524 -0.15739440689760742
-74000.00186939728 0.0005247017198009436 -0.30195343312736955 0.5009628433697959 -0.15603885517689903
-73800.00186434486 0.0005254296799410477 -0.29881207466933374 0.5021462467076092 -0.15467868463499657
-73600.00185929243 0.0005261655020512029 -0.2956741674858353 0.5033330328717595 -0.1533166447875467
-73400.00185424 0.0005269069244123514 -0.29253021308578786 0.504522489763964 -0.15194724188366926
-73200.00184918758 0.0005276567716707528 -0.28938840154633727 0.5057160560607079 -0.1505753609738458
-73000.00184413516 0.0005284152809962973 -0.2862493281793839 0.506913876096556 -0.14920131169383627
-72800.00183908273 0.0005291788861720625 -0.28310875886635406 0.5081131598299559 -0.1478218873439332
-72600.0018340303 0.0005299512430504118 -0.27996869663745727 0.5093171084581838 -0.14643907621420998
-72400.00182897788 0.0005307310162812212 -0.27682751720960486 0.5105246715844587 -0.14505161614569662
-72200.00182392546 0.0005315194566409661 -0.2736814112839604 0.5117375885179203 -0.14365783405638413
-72000.00181887303 0.0005323138038725641 -0.27054813518717147 0.5129506479608252 -0.14226601333364255
-71800.0018138206 0.0005331155331257892 -0.26740966376686964 0.5141678534263334 -0.1408672785388818
-71600.00180876818 0.0005339252195301399 -0.2642624366672884 0.5153902260620915 -0.13945986852845665
-71400.00180371576 0.0005347454503091787 -0.2611240629759733 0.5166177896664929 -0.13805345351157935
-71200.00179866333 0.0005355682226410625 -0.25798347636462743 0.5178443538610396 -0.1366402073957341
-71000.0017936109 0.0005364036554478971 -0.25484126391882983 0.5190796003531205 -0.13522296430381575
-70800.00178855848 0.0005372467653217888 -0.2516970899071709 0.5203187428781177 -0.13380019678035032
-70600.00178350606 0.0005380938432814007 -0.24855950070742666 0.5215570365053317 -0.13237538233797352
-70400.00177845363 0.0005389518359743454 -0.24542246581535881 0.5228020184430153 -0.1309470542319558
-70200.0017734012 0.0005398170755800817 -0.2422793929814763 0.5240509806414675 -0.12951079019351197
-70000.00176834878 0.0005406918596881548 -0.23913944352317792 0.525304943579642 -0.12807186804222248
-69800.00176329636 0.0005415741185280211 -0.23599566867637012 0.5265627805686602 -0.1266260793802132
-69600.00175824393 0.0005424642837178309 -0.2328555289171808 0.527823948327581 -0.12517738885830193
-69400.00175319151 0.0005433639238562429 -0.22971553943217174 0.5290904089966768 -0.1237242613887114
-69200.00174813908 0.0005442690601737686 -0.22657530547291335 0.5303583251228274 -0.12226551776910222
-69000.00174308666 0.0005451857302055885 -0.22343765303099777 0.5316332235211269 -0.12080395717167686
-68800.00173803423 0.0005461080080154293 -0.2202916239606181 0.5329106345670782 -0.11933235933263908
-68600.00173298181 0.000547039704411841 -0.21715086507427228 0.5341926154506075 -0.11785876208850005
-68400.00172792938 0.0005479806125692338 -0.21401408735770347 0.5354791260490642 -0.11638237545901459
-68200.00172287696 0.0005489325298049355 -0.2108721601313228 0.5367729784195447 -0.11489861581697791
-68000.00171782453 0.0005498889386609675 -0.20773017202951863 0.5380671859366384 -0.11340876632744212
-67800.00171277211 0.0005508560776026856 -0.20459007232663298 0.5393676160854863 -0.11191511493125245
-67600.00170771968 0.0005518323461731359 -0.201446457312062 0.5406732950924095 -0.11041433900025838
-67400.00170266726 0.0005528177141472213 -0.19830338797856514 0.5419837207825299 -0.10890854641249981
-67200.00169761483 0.0005538125293779438 -0.19516326650651156 0.5432989638888759 -0.1073990387911819
-67000.00169256241 0.0005548146120257786 -0.1920255834740516 0.5446169371152406 -0.10588505807964232
-66800.00168750998 0.0005558268657706987 -0.1888854673706839 0.5459409928116652 -0.10436444356336882
-66600.00168245756 0.0005568477197707553 -0.18574421605824398 0.5472694280692412 -0.10283752289245068
-66400.00167740513 0.0005578770921970166 -0.18260452308643685 0.5486018665396398 -0.10130568605671536
-66200.00167235271 0.0005589188800861182 -0.1794624693693262 0.5499425224402918 -0.09976741215812779
-66000.00166730028 0.000559968832836599 -0.17632411188992295 0.5512865928386337 -0.0982251816224004
-65800.00166224786 0.0005610256420851571 -0.17318136437593687 0.5526335678070473 -0.09667425101813037
-65600.00165719543 0.0005620952447602275 -0.1700445634982938 0.5539882724009939 -0.09512128165779804
-65400.00165214301 0.0005631711337086241 -0.1669012083601105 0.5553454737022936 -0.09355816736678951
-65200.00164709058 0.0005642598313267264 -0.1637580675688027 0.5567109290602592 -0.09198966634208838
-65000.00164203816 0.0005653583308820005 -0.16061995923647535 0.5580812209830557 -0.09041788033206327
-64800.00163698573 0.0005664651942118733 -0.1574809532330366 0.5594554597293966 -0.08883920774334225
-64600.00163193331 0.0005675816146169061 -0.1543393707748582 0.5608349440392535 -0.08725282113273841
-64400.00162688088 0.0005687097607869932 -0.15119800269205633 0.5622215451396095 -0.085660528805448
-64200.00162182846 0.0005698450218954415 -0.1480527993325715 0.563611025214211 -0.0840592721596029
-64000.00161677603 0.0005709947851779823 -0.14491282257310925 0.5650099025323401 -0.08245516806632425
-63800.00161172361 0.0005721550469738296 -0.14177523848558965 0.5664144515891701 -0.08084594491107744
-63600.00160667118 0.000573321835988296 -0.1386332623334845 0.567821265974491 -0.0792271262139228
-63400.00160161876 0.0005745018591808373 -0.135492771956764 0.5692364856240741 -0.07760289708890955
-63200.00159656633 0.0005756900583848497 -0.13235206193124593 0.5706552134346632 -0.07597151244374811
-63000.00159151391 0.0005768894179704271 -0.12921117625332354 0.5720803776133145 -0.07433331767159057
-62800.00158646148 0.0005781017125862161 -0.1260669474204496 0.5735139442919213 -0.07268662736596809
-62600.00158140905 0.0005793222657771352 -0.12292769093772661 0.5749506426912556 -0.07103552698520499
-62400.001576356626 0.0005805561006940001 -0.11978699773295073 0.5763959008748349 -0.06937688021026434
-62200.0015713042 0.0005817985976421045 -0.11664506080727753 0.5778450870545182 -0.06771014388757202
-62000.001566251776 0.0005830528694261966 -0.11350942231799283 0.579300760683056 -0.06603996682429614
-61800.00156119935 0.0005843210782576466 -0.11036565553987422 0.5807660048143812 -0.06435813971923854
-61600.001556146926 0.0005855955253536731 -0.10722696592182332 0.5822322715964527 -0.06267137485231111
-61400.0015510945 0.0005868847300785023 -0.10408193439223246 0.5837087232465681 -0.060973869855684204
-61200.00154604208 0.0005881853134969832 -0.10094386767289693 0.5851911517705705 -0.05927291879920893
-61000.00154098965 0.0005894984978947335 -0.09780147733061756 0.5866814298578902 -0.05756195688168242
-60800.00153593723 0.0005908228629117125 -0.09466347960272607 0.5881776058329632 -0.055845853344680674
-60600.0015308848 0.0005921575550207327 -0.0915189881852154 0.589679410955632 -0.05411804008970422
-60400.00152583238 0.0005935028374627561 -0.08838354204532116 0.5911862277275849 -0.05238761515445056
-60200.00152077995 0.0005948639584844422 -0.08524079965224542 0.5927041277817111 -0.05064529607279711
-60000.00151572753 0.0005962348472527881 -0.08210101565216119 0.5942264923748584 -0.04889651151593488
-59800.0015106751 0.000597617194355581 -0.0789601656851211 0.5957551778035787 -0.047138934116743414
-59600.00150562268 0.0005990116955708776 -0.07581984038935388 0.5972907664741287 -0.04537346929038433
-59400.00150057025 0.0006004216565179127 -0.07267814182343038 0.5988366070947608 -0.04359912406172195
-59200.00149551783 0.0006018434202158749 -0.06953579030058964 0.6003889818858179 -0.0418159405879287
-59000.0014904654 0.0006032758342893803 -0.0663962768835701 0.6019465623579419 -0.04002584543772064
-58800.00148541298 0.0006047226060912165 -0.06326117925666369 0.6035129666640705 -0.03822995404241536
-58600.00148036055 0.0006061821665263535 -0.06011506702816245 0.6050871793356543 -0.03641873718576144
-58400.00147530813 0.0006076564559256048 -0.0569769080582688 0.606670384478963 -0.03460365622609274
-58200.0014702557 0.0006091393506506225 -0.053834676249753605 0.6082568683968227 -0.032776982154439915
-58000.00146520328 0.000610638819921343 -0.050693554133836034 0.6098543669931841 -0.03094219536931897
-57800.00146015085 0.0006121523277198627 -0.047555247405206016 0.6114602664386637 -0.029100084185523845
-57600.00145509843 0.0006136798484171072 -0.04440885706602904 0.6130748145525864 -0.027243863796375944
-57400.001450046 0.0006152197151506948 -0.0412716814974178 0.6146958217497116 -0.025383944404858638
-57200.00144499358 0.0006167734729267753 -0.03813464972950754 0.6163250553962193 -0.02351473999436826
-57000.00143994115 0.0006183415900478718 -0.03499246791660309 0.6179630574430475 -0.021632882807688047
-56800.00143488873 0.0006199244526598678 -0.03185018153031493 0.6196100429994135 -0.01974136823783429
-56600.0014298363 0.0006215157612547398 -0.028709933396286053 0.6212596334721247 -0.017841224905824515
-56400.00142478388 0.000623127023697785 -0.02557051930155549 0.6229233185412775 -0.015931945266729697
-56200.00141973145 0.0006247545032061232 -0.022429748047333553 0.6245973547993762 -0.014011911145590195
-56000.00141467903 0.0006263942955551834 -0.019288751748472766 0.6262777723075355 -0.012081614858332923
-55800.0014096266 0.0006280489166229301 -0.01614686576442955 0.6279670455449049 -0.010140580892607276
-55600.00140457418 0.0006297170648592886 -0.013007162880556561 0.6296637958645463 -0.008190601470491221
-55400.00139952175 0.0006314032033188347 -0.009868648558620434 0.6313724573185452 -0.006230995171521925
-55200.00139446933 0.0006331015095592023 -0.0067288890809369265 0.6330871768445844 -0.004260037687000118
-55000.0013894169 0.0006348197036401603 -0.003584566734280848 0.6348156252076734 -0.002275548718794651
-54800.00138436448 0.0006365468561198722 -0.0004439527969751038 0.6365467933900629 -0.00028259674789710143
-54600.00137931205 0.0006382960805003255 0.0026981242375959573 0.6382937571440864 0.0017222000359919942
-54400.00137425963 0.0006400582057485061 0.005834751294163549 0.6400473106053757 0.0037345592541568884
-54200.0013692072 0.0006418363964130507 0.008973314800074295 0.6418105561316529 0.005759322743958961
-54000.00136415478 0.0006436315413219043 0.012119633980308159 0.6435842718211757 0.0078003877350523165
-53800.00135910235 0.0006454428740278246 0.015256940299369158 0.6453677542518703 0.00984710136008582
-53600.00135404993 0.0006472722180249402 0.01839764143398594 0.647162678961865 0.011907610416356018
-53400.0013489975 0.0006491170502945689 0.021536571955841032 0.6489665181019022 0.013978675395591278
-53200.00134394508 0.0006509794703508839 0.02467984934041976 0.6507812262552919 0.016064444340716078
-53000.00133889265 0.0006528586637470591 0.027820913690209968 0.6526060226830761 0.01816078157381873
-52800.00133384023 0.0006547551788258924 0.03095878075663047 0.654441430110619 0.020267184167865437
-52600.0013287878 0.0006566679820459911 0.03409560487220312 0.6562863273841821 0.022385154297795085
-52400.00132373538 0.0006586005827753682 0.03723869681372684 0.6581439880651101 0.024519759497326543
-52200.00131868295 0.0006605519266249015 0.04038068996048248 0.6600134517746636 0.02666629416253752
-52000.00131363053 0.0006625186668213724 0.04352021710991202 0.6618913575842482 0.028823855433468992
-51800.0013085781 0.0006645051785671547 0.046661552273444595 0.6637818960993749 0.030995592481587675
-51600.00130352568 0.0006665106084298132 0.04980113168101414 0.6656842551930735 0.03317926366758028
-51400.00129847325 0.0006685337116273928 0.05294176443630435 0.6675970371239552 0.035376823000578206
-51200.00129342082 0.0006705764107089327 0.05608392200983541 0.6695220694772432 0.03758884252254546
-51000.001288368396 0.0006726382615436889 0.05922488982023308 0.6714589375152782 0.03981364242781282
-50800.00128331597 0.0006747199579080614 0.0623666285421721 0.6734081890336796 0.04205273524797448
-50600.001278263546 0.0006768230403076876 0.06550313713070625 0.6753715503040087 0.04430233550617402
-50400.00127321112 0.0006789423375204608 0.06864152300467288 0.677343493156755 0.04656704796261124
-50200.001268158696 0.0006810814278385577 0.07178365179108998 0.6793274114741177 0.048848534947154576
-50000.00126310627 0.0006832424977449113 0.07492392756696191 0.681325671379275 0.051143330398844
-49800.001258053846 0.0006854254651683441 0.07806188477674132 0.6833381513045289 0.05345127943229855
-49600.00125300142 0.0006876283969420894 0.0812077372078405 0.6853622923891862 0.05577939092700035
-49400.001247948996 0.0006898495473286565 0.08434573493304455 0.6873971368980527 0.05811690058762764
-49200.00124289657 0.0006920950898164382 0.08748562748760912 0.689448222452496 0.060471165898444035
-49000.001237844146 0.0006943631450080518 0.09062750015304688 0.6915135745739605 0.06284228930757196
-48800.00123279172 0.0006966505526565063 0.09376640774065943 0.6935902715204936 0.06522674120898353
-48600.001227739296 0.0006989588137832447 0.09690665494154323 0.6956794552501666 0.06762779685981268
-48400.00122268687 0.0007012909261066897 0.10004785677712497 0.6977840411872167 0.07004566299218862
-48200.001217634446 0.0007036462595598632 0.10318707405194476 0.6999035200586583 0.07247841887131523
-48000.00121258202 0.0007060252811014356 0.10632776981267605 0.7020380219393494 0.07492872150148289
-47800.001207529596 0.0007084243914292451 0.10946765881431547 0.7041840440028038 0.07739477077783397
-47600.00120247717 0.000710849422233539 0.11260833567455104 0.7063471710332827 0.07987850188276369
-47400.001197424746 0.0007132968382779024 0.11574896798017319 0.7085238582089732 0.08237913477284642
-47200.00119237232 0.0007157703175998997 0.11889022748543737 0.7107176074428438 0.08489776220714518
-47000.0011873199 0.0007182667647798778 0.12203154961294292 0.7129252920844025 0.08743382236710029
-46800.00118226747 0.0007207873694035457 0.12517184608089255 0.7151480931592724 0.08998686983299353
-46600.00117721505 0.0007233352863873679 0.1283073828318921 0.717389393801986 0.09255481723559567
-46400.00117216262 0.0007259046333299582 0.13144946113112776 0.7196422195958636 0.09514521777283402
-46200.0011671102 0.0007285017119111795 0.13459338753414457 0.7219131244977433 0.09775574118907349
-46000.00116205777 0.0007311257513710379 0.13773021671644842 0.7242021205112863 0.1003800426619812
-45800.00115700535 0.0007337744037053845 0.14087104890067917 0.7265056870739179 0.1030260267235763
-45600.00115195292 0.0007364490246131607 0.14401212409163922 0.7288254248012693 0.10569137153488462
-45400.0011469005 0.000739150200239051 0.1471534567677809 0.7311618001220774 0.10837638375436043
-45200.00114184807 0.000741879828313668 0.15029409686939654 0.7335166807283113 0.1110808658232284
-45000.00113679565 0.0007446385101174482 0.15343100115125816 0.7358908965859203 0.11380289570965774
-44800.00113174322 0.0007474209009763595 0.15657391797026934 0.7382779443820291 0.11654904570762692
-44600.0011266908 0.0007502373395293136 0.15971150224651662 0.7406892228846491 0.11931278526024447
-44400.00112163837 0.0007530791253980691 0.16284954506310856 0.7431153550024806 0.12209724923133125
-44200.00111658595 0.0007559514610414393 0.16598883214543286 0.7455612522682554 0.12490408546912102
-44000.00111153352 0.0007588512779476854 0.16913135920624725 0.7480234975071117 0.127734526342972
-43800.0011064811 0.0007617820404458175 0.17226825141225663 0.7505065111862159 0.13058274699548755
-43600.00110142867 0.0007647412349494641 0.1754123050249254 0.753006027988474 0.1334581516620582
-43400.00109637625 0.0007677335494206988 0.17855175202871573 0.7555280755003799 0.13635296123222496
-43200.00109132382 0.0007707571331962523 0.1816924237312062 0.7580699235645022 0.13927149514461068
-43000.0010862714 0.0007738120775022709 0.18483191018159803 0.7606318573202112 0.14221219679755404
-42800.00108121897 0.0007768981124353576 0.18797259316944223 0.7632131380047159 0.14517707492099463
-42600.00107616655 0.0007800179086901784 0.1911132327849256 0.7658164211820132 0.14816594387838544
-42400.00107111412 0.000783169743377398 0.19425154303273878 0.768440216295023 0.1511769854252879
-42200.0010660617 0.0007863540740013445 0.19738981132795466 0.7710844957220127 0.15421228924972674
-42000.00106100927 0.000789574254787296 0.20053054712241072 0.7737520050911756 0.15727472282696697
-41800.00105595685 0.0007928271672013698 0.2036703349471158 0.7764400600194513 0.16036131157339562
-41600.00105090442 0.0007961147702050424 0.20681256974290818 0.7791498803020477 0.16347535399543311
-41400.001045852 0.0007994391204901384 0.2099501039689127 0.7818844885293765 0.16661198626509777
-41200.00104079957 0.0008027976817368671 0.21309002631674692 0.7846400839936395 0.16977648951648894
-41000.00103574715 0.0008061937803420848 0.2162292029083164 0.787420275445917 0.17296739946862205
-40800.00103069472 0.0008096260623124525 0.21936823543019218 0.7902234743754772 0.17618519041484926
-40600.0010256423 0.0008130940982109324 0.2225108961836939 0.7930484191619804 0.17943304436511498
-40400.00102058987 0.000816604505375215 0.22565006601349177 0.7959026561541098 0.18270708832974214
-40200.00101553745 0.0008201523913059103 0.2287896525218968 0.7987805435314179 0.18600964555757749
-40000.00101048502 0.0008237371514213555 0.23193207498186616 0.8016808546689251 0.1893428157841508
-39800.00100543259 0.000827361428158726 0.23506944341689368 0.8046074744615022 0.19270118018717453
-39600.001000380165 0.0008310250552555145 0.2382086977105982 0.8075587471578713 0.1960905718060923
-39400.00099532774 0.0008347317631650165 0.24135028692983038 0.8105380001563728 0.199512572884731
-39200.000990275315 0.0008384826170961502 0.24448969673265888 0.813546962368972 0.20296413277381775
-39000.00098522289 0.0008422710656822571 0.24763130824285987 0.8165781989391582 0.20644755533259684
-38800.000980170465 0.0008461027241378795 0.25076971752712945 0.8196380722986779 0.20996011581261742
-38600.00097511804 0.0008499792570256504 0.2539092448908807 0.8227271013602473 0.2135060984169821
-38400.000970065616 0.0008539005407016073 0.25704847671497505 0.825845251553949 0.21708466987858
-38200.00096501319 0.0008578660602613352 0.26018956746876193 0.828991340984039 0.2206978339762069
-38000.000959960766 0.0008618765920733306 0.2633269121675549 0.8321671432532982 0.22434149338359788
-37800.00095490834 0.0008659329370952593 0.266468163647538 0.8353715098534682 0.22802256921532837
-37600.000949855916 0.0008700403421420939 0.2696068982368847 0.838610721620904 0.23173746899713565
-37400.00094480349 0.0008741909226072492 0.2727493733500112 0.8418755026262539 0.2354897179214115
-37200.000939751066 0.0008783921696209064 0.2758883399976171 0.8451745328685849 0.23927559976247537
-37000.00093469864 0.0008826418661252028 0.27902747814818496 0.8485045848489614 0.24309799120369568
-36800.000929646216 0.0008869423049748306 0.2821638119753106 0.8518683553399902 0.2469553755730085
-36600.00092459379 0.0008912916229161572 0.2853059443659856 0.8552616842154459 0.25085495528985713
-36400.000919541366 0.0008956945269070721 0.2884430673724832 0.8586915249908351 0.25478922748067223
-36200.00091448894 0.0009001482907999181 0.2915829714247369 0.8621530502743415 0.25876449395669154
-36000.000909436516 0.0009046559930559967 0.294722863582288 0.8656496512737271 0.26277965488562127
-35800.00090438409 0.0009092207038902329 0.2978621991036657 0.8691841421258995 0.26683555883636423
-35600.000899331666 0.0009138407295563366 0.30100173326124174 0.8727544297294104 0.27093280418537224
-35400.00089427924 0.0009185152161622793 0.3041428060613396 0.8763590524480928 0.275072742222707
-35200.000889226816 0.0009232459755717812 0.3072806211869438 0.8800007810218303 0.27925213841698454
-35000.00088417439 0.0009280353546339337 0.3104187921143807 0.8836805825335409 0.2834753031636317
-34800.000879121966 0.0009328866491637688 0.31355831220449093 0.8874010079030578 0.2877445939729224
-34600.00087406954 0.0009377954344655708 0.3166991214290836 0.8911575460444952 0.29205907798324304
-34400.000869017116 0.0009427673378837443 0.3198384335422992 0.8949560510962704 0.296418487929771
-34200.00086396469 0.0009478002435707917 0.32297794331587376 0.8987937098377891 0.300824149411041
-34000.000858912266 0.0009528971045013054 0.3261157871113938 0.9026735724537529 0.30527579884516054
-33800.00085385984 0.0009580569866343478 0.3292562073776238 0.9065931378103513 0.30977745578732524
-33600.000848807416 0.0009632857079915887 0.3323957783762056 0.9105586213672539 0.314328414679014
-33400.00084375499 0.0009685807507913639 0.33553461895669767 0.9145672722556306 0.31892847994880813
-33200.00083870257 0.0009739437157879231 0.3386736558364777 0.9186199677377027 0.32357953643017767
-33000.00083365014 0.000979373661293601 0.3418123282643392 0.9227156507150696 0.32828127628772685
-32800.00082859772 0.0009848776841758337 0.3449520626909581 0.9268601784049251 0.3330379294836309
-32600.00082354529 0.0009904507707787957 0.34809152128896537 0.9310488967213784 0.337847127041529
-32400.000818492867 0.0009960993842946379 0.3512295933661779 0.9352878933748081 0.3427105774537318
-32200.00081344044 0.0010018233684334441 0.35436700618448086 0.9395763993566183 0.34762947416953127
-32000.000808388017 0.0010076226997018985 0.35750800887185447 0.9439125110422257 0.3526083896513271
-31800.00080333559 0.0010134956164632343 0.3606445327752995 0.9482970147557427 0.3576396739674419
-31600.000798283167 0.00101945227936824 0.363784441336091 0.9527362268870101 0.36273493336898793
-31400.00079323074 0.0010254891993799666 0.3669233918187286 0.9572280034377334 0.36788945007919926
-31200.000788178313 0.0010316087081145727 0.370060739541106 0.9617743481460759 0.37310404702443045
-31000.000783125888 0.001037808662964636 0.37320246961344355 0.966370589176746 0.37838433542977745
-30800.000778073463 0.0010440955795422066 0.37633978931404727 0.9710256559920776 0.3837248423346236
-30600.00077302104 0.0010504721354779997 0.3794793792584014 0.9757390461681172 0.3891336803704375
-30400.000767968613 0.0010569383747837595 0.3826184739323925 0.9805113801727161 0.3946088714693705
-30200.00076291619 0.0010634910242855358 0.3857554548372055 0.9853398017289223 0.4001482648527996
-30000.000757863763 0.001070133312451877 0.38889391635930637 0.9902254030537513 0.4057572643419486
-29800.00075281134 0.0010768728441359987 0.3920307747981899 0.9951759678224696 0.4114364051784504
-29600.000747758913 0.001083710772885928 0.3951720522717549 1.0001895559599867 0.41719287076552514
-29400.00074270649 0.0010906463477371355 0.39831096957798856 1.0052677370108742 0.4230203691991541
-29200.000737654063 0.001097682509418619 0.40144786506071495 1.0104125826472694 0.42892109333959333
-29000.00073260164 0.0011048194807768382 0.4045885945138639 1.015621240150905 0.4349018069154691
-28800.000727549213 0.0011120606933237658 0.40772538566006356 1.020899664777352 0.44095675535501727
-28600.00072249679 0.0011194108779073713 0.41086415113672675 1.0262490513206175 0.44709461889054825
-28400.000717444364 0.001126867445028914 0.41400046226803205 1.0316684063527777 0.4533106418335137
-28200.00071239194 0.0011344362494247592 0.4171398814635783 1.0371599828997413 0.4596137224673809
-28000.000707339514 0.0011421184510994617 0.4202783608013251 1.0427260502105606 0.46600100917714427
-27800.00070228709 0.0011499174726091548 0.42341637831827433 1.048368893556055 0.47247524468048024
-27600.000697234664 0.0011578352878614008 0.4265543656540737 1.0540894661906557 0.47903856951501506
-27400.00069218224 0.0011658731216802653 0.42969288488056634 1.0598879497129832 0.48569297906156267
-27200.000687129814 0.0011740384081742842 0.4328299064747612 1.0657714111456043 0.4924403345108059
-27000.00068207739 0.0011823282233056538 0.43596651961964256 1.07173598117896 0.4992814980263899
-26800.000677024964 0.0011907464740151768 0.4391056463594368 1.077783025487595 0.5062221995827345
-26600.00067197254 0.0011992983359305081 0.44224424805511925 1.0839180066932523 0.5132623630579319
-26400.000666920114 0.0012079891695793658 0.4453812646187174 1.0901455757015501 0.5204041291144623
-26200.00066186769 0.0012168137817325346 0.4485180700314261 1.0964595845825116 0.5276477601500632
-26000.000656815264 0.00122578255615076 0.4516580706942884 1.1028667951901017 0.5350025299291631
-25800.00065176284 0.001234897709430067 0.45479564747382706 1.109371363283638 0.542464313187355
-25600.00064671041 0.001244162526353763 0.45793350687566997 1.1159739721115194 0.5500386218736063
-25400.000641657985 0.001253577071046156 0.46106901969962083 1.1226752893968057 0.5577236480825047
-25200.00063660556 0.001263148547430152 0.46420702234318106 1.1294782192965394 0.5655291371889
-25000.000631553135 0.0012728836737372481 0.4673440620759748 1.1363897862785866 0.5734554041148636
-24800.00062650071 0.0012827761177979207 0.4704819381436242 1.143402391886315 0.5815028276985059
-24600.000621448286 0.0012928418979458005 0.4736181070990005 1.1505308587398786 0.5896769591660989
-24400.00061639586 0.001303077395035212 0.4767565227443256 1.1577686608148472 0.5979819608372386
-24200.000611343436 0.0013134914972590117 0.4798939892288912 1.1651245827290775 0.6064195083373499
-24000.00060629101 0.0013240836460840903 0.4830307801488054 1.1725969573964545 0.6149909571139366
-23800.000601238586 0.001334862531119565 0.48616781865419956 1.1801918750224105 0.6237027457996465
-23600.00059618616 0.0013458314404160214 0.48930446885138573 1.1879115524533166 0.6325570405585683
-23400.000591133736 0.0013569966965412542 0.4924409999502278 1.1957602940429355 0.6415585348307896
-23200.00058608131 0.0013683615204451236 0.49557832017177067 1.2037392035905339 0.6507112880334242
-23000.000581028886 0.0013799323258096535 0.49871298710170703 1.2118549978280635 0.6600156725817831
-22800.00057597646 0.0013917135085275696 0.5018494031940166 1.2201074539148824 0.6694806126539146
-22600.000570924036 0.001403712374372426 0.504988125128978 1.2285013039398123 0.6791119025495391
-22400.00056587161 0.0014159326619748267 0.5081230279638342 1.237042688466298 0.6889054290388432
-22200.000560819186 0.0014283861146308845 0.5112607522585013 1.2457360162175108 0.6988767204370455
-22000.00055576676 0.0014410699349503746 0.5143960081944805 1.2545811475126383 0.7090195355021954
-21800.000550714336 0.0014539966104001423 0.5175311986027781 1.263585913824224 0.7193446888940681
-21600.00054566191 0.0014671762840908471 0.5206681845252681 1.272756321400797 0.7298613532260336
-21400.000540609486 0.001480606715805652 0.5238054162514421 1.2820900247571099 0.7405683056323111
-21200.00053555706 0.00149430024788195 0.526938919302714 1.291599172548345 0.7514684346614219
-21000.000530504636 0.001508268278542707 0.530076187340497 1.3012864398670592 0.7625790460511591
-20800.00052545221 0.001522513260917177 0.5332109219155803 1.3111570526380987 0.7738952209349984
-20600.000520399786 0.0015370416469910608 0.536346373731588 1.3212124310454763 0.7854264680005985
-20400.00051534736 0.0015518690015437855 0.5394815886098925 1.3314649618659828 0.7971815685750158
-20200.000510294936 0.0015669998529765634 0.5426158185020094 1.3419173448819908 0.8091639998995503
-20000.00050524251 0.0015824475217237608 0.5457520945061776 1.3525766840619613 0.821386920240164
-19800.000500190083 0.001598216668297543 0.548887550565229 1.3634473620461531 0.8338511916124388
-19600.000495137658 0.001614318918908004 0.5520220265931418 1.3745374990534767 0.846564962445364
-19400.000490085233 0.0016307653657277375 0.5551563231093534 1.3858538536622382 0.8595375351586718
-19200.000485032808 0.0016475638563146124 0.5582908365498606 1.3974006552877434 0.8727760704989926
-19000.000479980383 0.001664730503368948 0.5614254454530275 1.409189499355961 0.8862914891568836
-18800.000474927958 0.001682278216349375 0.5645599766118843 1.4212292038514192 0.9000930770334232
-18600.000469875533 0.001700215145221531 0.5676937270921978 1.4335249637792757 0.9141869164795005
-18400.000464823108 0.0017185548018997367 0.5708278093663395 1.4460847680850033 0.9285846491543924
-18200.000459770683 0.0017373121784054874 0.573962193284928 1.4589187527100551 0.9432972374744647
-18000.000454718258 0.0017565030715057067 0.5770964143456832 1.4720380245558538 0.9583355855182888
-17800.000449665833 0.0017761374970596685 0.5802294052366297 1.4854493430869191 0.973706658898882
-17600.000444613408 0.0017962351384960568 0.5833627756959433 1.4991648661842498 0.9894267920198585
-17400.000439560983 0.001816811512964347 0.5864964852503594 1.5131946834914025 1.0055077938500296
-17200.000434508558 0.00183788288291992 0.5896284921575563 1.5275514220196391 1.021958973939666
-17000.000429456133 0.0018594628469120612 0.5927608492788993 1.5422412470698947 1.0387945007953223
-16800.000424403708 0.0018815810337389344 0.5958942907590494 1.55728472839185 1.0560357291510543
-16600.000419351283 0.0019042485678302603 0.5990265403947752 1.572690100710338 1.073689179982412
-16400.00041429886 0.0019274873771916408 0.6021580099813019 1.588471626011035 1.0917717172518113
-16200.000409246433 0.001951321284299453 0.605289292936032 1.604644714173427 1.1103018039413188
-16000.000404194008 0.0019757683633901627 0.6084217612234558 1.6212189400907269 1.1292961409942666
-15800.000399141583 0.0020008609880891232 0.6115525195782983 1.6382202254772156 1.1487729046658282
-15600.000394089157 0.002026614307607271 0.6146843386838913 1.6556537651522512 1.1687498285500082
-15400.000389036732 0.0020530635163609305 0.6178156386396911 1.673545906886671 1.189249300926924
-15200.000383984307 0.002080227913899478 0.6209459883111103 1.691908524278697 1.2102866268944952
-15000.000378931882 0.0021081488897847817 0.6240757840165331 1.7107702644082172 1.2318915714937924
-14800.000373879457 0.002136844822560549 0.6272061267256964 1.7301398918425088 1.254082034939906
-14600.000368827032 0.002166357781677525 0.6303369307924171 1.7500465568825556 1.2768880479424494
-14400.000363774607 0.002196719000803494 0.633465677997949 1.7705134997619771 1.3003293104639677
-14200.000358722182 0.002227964642772172 0.6365943575194163 1.7915619271330714 1.3244366012347164
-14000.000353669757 0.0022601347127370486 0.6397228720304196 1.813218447016228 1.3492397055820142
-13800.000348617332 0.002293272289831382 0.6428522906058327 1.835510195709751 1.3747727509497782
-13600.000343564907 0.0023274188949447957 0.6459799909657684 1.8584677605176758 1.4010625595106272
-13400.000338512482 0.0023626197007495632 0.64910759772732 1.8821184961649495 1.4281462868921189
-13200.000333460057 0.0023989268583961046 0.6522338647030146 1.9064989234734013 1.456060413145336
-13000.000328407632 0.0024363920338201766 0.6553622885871196 1.9316378368040592 1.4848506355486908
-12800.000323355205 0.0024750675778465203 0.6584883560967171 1.9575758522301587 1.5145482156974754
-12600.00031830278 0.00251502007381385 0.6616127513667309 1.984356873063478 1.5452034726897175
-12400.000313250355 0.0025563092544685097 0.6647386189412297 2.0120148925056913 1.5768681228361041
-12200.00030819793 0.002599001537145912 0.6678634709451018 2.0405972995509227 1.6095874164369874
-12000.000303145505 0.00264317050493962 0.6709882039489454 2.070151286921603 1.6434183786971586
-11800.00029809308 0.0026888928555581617 0.6741124186378962 2.1007279030230777 1.6784180248472034
-11600.000293040655 0.0027362528908846362 0.6772357644847822 2.1323834336076235 1.7146488780360514
-11400.00028798823 0.002785342007592767 0.6803582159316972 2.165178437870936 1.752179337693399
-11200.000282935805 0.0028362516851150633 0.683479448125194 2.199173295605598 1.7910780098067338
-11000.00027788338 0.002889082649192281 0.6866014390410198 2.234430582698079 1.8314252714668462
-10800.000272830956 0.0029439496995090635 0.6897223766940177 2.2710296341907545 1.8733030277739138
-10600.00026777853 0.0030009752813076225 0.6928419368078079 2.3090521278903533 1.9168022615033597
-10400.000262726106 0.0030602842835491576 0.6959603032081435 2.348579623776059 1.9620177488804438
-10200.00025767368 0.003122013662945233 0.6990779350146644 2.389701252480479 2.0090538159815283
-10000.000252621256 0.00318631681376612 0.7021957393872849 2.4325164961105235 2.058027777713134
-9800.000247568829 0.0032533591554877875 0.7053120300216366 2.4771379454651035 2.109059836451573
-9600.000242516404 0.0033233164855200397 0.708427366796623 2.5236801230692514 2.1622837693869963
-9400.000237463979 0.003396382043034195 0.7115415644423179 2.572270765315258 2.2178444697835755
-9200.000232411554 0.0034727697056352955 0.7146543467589976 2.6230517625138394 2.2759017728257294
-9000.000227359129 0.0035527077634051095 0.7177663253976875 2.6761719915178586 2.33662917981743
-8800.000222306704 0.0036364474822844443 0.7208766272383295 2.731799008367713 2.4002134216135977
-8600.000217254279 0.0037242724282593354 0.7239854705978798 2.790119905029233 2.4668676566553684
-8400.000212201854 0.0038164817510016424 0.7270926489824902 2.8513319647977693 2.5368167025331285
-8200.00020714943 0.003913410674789731 0.7301984814434718 2.915655419358794 2.6103135032256017
-8000.000202097004 0.004015433677213398 0.7333028722003407 2.9833377510712897 2.6876390157780508
-7800.000197044578 0.004122965801985467 0.7364047774276093 3.0546558708096416 2.76910175242259
-7600.000191992153 0.004236456167432018 0.7395052022196429 3.1299027320370953 2.8550428624732613
-7400.000186939728 0.004356413032136313 0.7426029581698793 3.2094170344116617 2.945840594091161
-7200.000181887303 0.004483411419219899 0.7456981747337652 3.2935785021357527 3.0419267914038626
-7000.000176834878 0.004618080578821936 0.7487910285161348 3.382801361030325 3.143775307540875
-6800.000171782453 0.004761142994778782 0.7518808987098862 3.477564943442497 3.251926303111874
-6600.0001667300285 0.0049134078673046516 0.7549675846642069 3.5784042736937787 3.366986742549092
-6400.000161677603 0.005075781479049745 0.7580511063008021 3.6859171275421456 3.489637882639956
-6200.000156625178 0.005249313148509608 0.7611307369175881 3.8007996134302475 3.6206644182614243
-6000.000151572753 0.0054351892515633994 0.764206207552891 3.9238362898761494 3.7609561245195726
-5800.000146520328 0.005634770352048911 0.767276153407444 4.055931194446421 3.9115289934047315
-5600.000141467903 0.005849630360093471 0.7703412183720472 4.198122317468553 4.073566540183151
-5400.000136415478 0.0060815941720144436 0.7734007274219151 4.351618765132896 4.248435217350417
-5200.000131363053 0.006332786154867749 0.7764531461791735 4.517831746679277 4.43772202734483
-5000.000126310628 0.006605693290265231 0.7794976064895711 4.698410138742714 4.643288275911239
-4800.000121258202 0.006903260225803181 0.7825333891786378 4.8953060114799305 4.867338163629546
-4600.000116205777 0.007228987094452104 0.7855590438314342 5.1108433624377 5.112488096453777
-4400.000111153352 0.007587060260872393 0.7885731835818584 5.347801203077716 5.381868234588208
-4200.000106100927 0.007982551206744298 0.7915733418647464 5.60955279642732 5.679264141804753
-4000.000101048502 0.008421646983193868 0.7945576675032723 5.900209772222809 6.009298008362112
-3800.0000959960767 0.008911971635158897 0.7975224446862611 6.224850511822082 6.377654312625068
-3600.0000909436517 0.009463042507953592 0.8004643498512404 6.589812316303517 6.791431891967338
-3400.0000858912267 0.01008688938407575 0.8033780424250883 7.003120311664141 7.259589750594535
-3200.0000808388013 0.010798952145866361 0.8062571773959973 7.475083006516207 7.7936192808222495
-3000.0000757863763 0.011619343624741518 0.8090927471308327 8.019151128646383 8.408469625666184
-2800.0000707339514 0.012574828513299878 0.8118729732950938 8.653250714809484 9.124010313757255
-2600.0000656815264 0.013701740980540068 0.8145813578039137 9.401764576651383 9.967172555094766
-2400.000060629101 0.015050755933154492 0.8171943114200005 10.298779060412937 10.97544550458819
-2200.000055576676 0.01669467124280591 0.8196770984529358 11.393399590245266 12.202560947701492
-2000.000050524251 0.018741994235003036 0.8219768793762005 12.75907153017733 13.728380880231487
-1800.0000454718258 0.02136185278470892 0.8240092840994503 14.510772511469517 15.676933230576598
-1600.0000404194006 0.02483313078593881 0.8256324142109488 16.83915455988149 18.251774114862485
-1400.0000353669757 0.02965060054310711 0.826590436837969 20.084956732878616 21.8117542991227
-1200.0000303145505 0.036783338597361555 0.8263794309056897 24.92229588015625 27.053524103711432
-1000.0000252621255 0.048419933275313486 0.8238721887113166 32.895774682318866 35.52967698186854
-800.0000202097003 0.07075438430636098 0.8160054427644815 48.47640135060417 51.53854296220803
-600.0000151572752 0.13074306241542039 0.7908210752420636 91.94660467759903 92.94928863645937
-400.00001010485016 0.7930739365391339 0.573812476481101 666.0532537130714 430.5105481122491
-200.00000505242508 0.17804028278939363 -2.2326279222858814 -109.41692917558093 -140.45026844229653
0.0 0.11327862803623442 -2.033220051608736 -50.53570131130982 -101.38141083426308
200.00000505242508 0.05392248412405833 -2.2583249088516406 -34.220781288359376 -41.67220203113337
400.00001010485016 0.03979097211056593 -2.259595641311592 -25.291567625725293 -30.719018026903143
600.0000151572752 0.03156062848481681 -2.2590184243410163 -20.046205857300492 -24.376687656106228
800.0000202097003 0.026158607445247672 -2.257646572184216 -16.58729835979961 -20.227067918943565
1000.0000252621255 0.022337949554284035 -2.2558236561245075 -14.133090578590652 -17.298547366385723
1200.0000303145505 0.019492099603074145 -2.253711470466147 -12.300627560697222 -15.120731085141985
1400.0000353669757 0.0172898988305981 -2.2513990071774326 -10.879868323392177 -13.437598998257279
1600.0000404194006 0.015535055637469779 -2.248941267308212 -9.745909375483564 -12.097735494882635
1800.0000454718258 0.014103774371521442 -2.2463741159835138 -8.819771276470778 -11.005820557937787
2000.000050524251 0.012914101426623706 -2.243722245400613 -8.0490588309966 -10.098844864254529
2200.000055576676 0.011909619703504962 -2.2410034251964963 -7.39764005549486 -9.333486116743927
2400.000060629101 0.011050205804954876 -2.238230536551109 -6.8397770840222485 -8.678968704445394
2600.0000656815264 0.010306556888945148 -2.2354133133646408 -6.3566481957698855 -8.112837889436602
2800.0000707339514 0.009656762799435193 -2.232559243888193 -5.934163685230404 -7.618317998183597
3000.0000757863763 0.009084112450578968 -2.2296747321734163 -5.561569939873247 -7.182620609405882
3200.0000808388013 0.008575645895412683 -2.226763967023877 -5.23051234072771 -6.79584013768743
3400.0000858912267 0.008121147285912402 -2.223830979717803 -4.934404652224067 -6.450169297591487
3600.0000909436517 0.007712461745934474 -2.2208784869670306 -4.667981431863308 -6.139382341431588
3800.0000959960767 0.007342994610942265 -2.2179095863020764 -4.426987180424927 -5.858442997988501
4000.000101048502 0.007007372301700378 -2.2149258423648144 -4.2079453348279765 -5.603254646519031
4200.000106100927 0.006701138404308153 -2.2119293262110684 -4.007976557623083 -5.370417099931571
4400.000111153352 0.00642060918105014 -2.208921282977961 -3.8246954294489006 -5.157123920145612
4600.000116205777 0.006162677978606311 -2.2059033940332187 -3.6560931873122717 -4.96100619569135
4800.000121258202 0.005924716516217927 -2.202876421820401 -3.5004662287527992 -4.7800629680901325
5000.000126310628 0.005704502110651687 -2.199841361271873 -3.3563741704338694 -4.612601951011371
5200.000131363053 0.005500122092223342 -2.1967987172107897 -3.2225758778672944 -4.4571681301865995
5400.000136415478 0.005309924413280064 -2.1937498228884316 -3.0980032352578943 -4.31250196858845
5600.000141467903 0.005132487444802851 -2.1906949312932573 -2.981732099702872 -4.1775233161121195
5800.000146520328 0.004966569565867479 -2.187634423329731 -2.872956145477317 -4.051288219661148
6000.000151572753 0.004811091139937002 -2.1845692633574565 -2.7709761126441634 -3.9329746172503786
6200.000156625178 0.004665092455094782 -2.1814994532902188 -2.675167573577642 -3.8218537475760335
6400.000161677603 0.004527731365597563 -2.1784252337677232 -2.5849832119294205 -3.7172857185127732
6600.0001667300285 0.004398273451377173 -2.1753476820238076 -2.499947876001862 -3.6187110924144035
6800.000171782453 0.004276052858016461 -2.1722665372369097 -2.4196270862182265 -3.5256251655826714
7000.000176834878 0.004160478849842702 -2.1691825549221657 -2.343638655817925 -3.4375779425264525
7200.000181887303 0.004051025567658778 -2.1660951209250934 -2.2716376037068438 -3.354172140372368
7400.000186939728 0.003947219299402457 -2.1630048774897994 -2.2033174419420924 -3.2750469382298895
7600.000191992153 0.003848633786787891 -2.159911998543361 -2.1384009238456403 -3.19987867171576
7800.000197044578 0.0037548919023365785 -2.1568169764416334 -2.0766430511035154 -3.1283808650060965
8000.000202097004 0.0036656436226287703 -2.1537194292619706 -2.017814594529457 -3.0602887821613987
8200.00020714943 0.003580570058393119 -2.1506203798093884 -1.9617111054596972 -2.995358322768312
8400.000212201854 0.0034993918806749966 -2.1475192550235964 -1.9081478829135936 -2.933379483030871
8600.000217254279 0.0034218442702891256 -2.144415874568406 -1.8569521041964598 -2.874151543122049
8800.000222306704 0.0033476905400613892 -2.14131154230795 -1.8079729605598027 -2.817492808491468
9000.000227359129 0.0032767138316573807 -2.1382049131611915 -1.761065017579715 -2.7632414911534156
9200.000232411554 0.0032087147689079804 -2.135097144687383 -1.7161014023537216 -2.7112444458306935
9400.000237463979 0.0031435111106443894 -2.1319878915462227 -1.6729620897855932 -2.6613643021737823
9600.000242516404 0.003080933182153444 -2.1288774867672102 -1.6315373553654977 -2.6134718538643384
9800.000247568829 0.003020829238759034 -2.1257656927821014 -1.5917270777853654 -2.567452862193646
10000.000252621256 0.002963052657284211 -2.122652585621489 -1.5534361607674319 -2.52319581964206
10200.00025767368 0.002907469691327943 -2.119538583894497 -1.51657852120964 -2.480598636417465
10400.000262726106 0.0028539627992573004 -2.1164235675164678 -1.4810764355190917 -2.4395729650278195
10600.00026777853 0.0028024200769924783 -2.113307065692018 -1.4468554403614278 -2.4000349211265792
10800.000272830956 0.0027527310486873103 -2.110190687496273 -1.4138479085895144 -2.361898032893079
11000.00027788338 0.002704797299885943 -2.1070718630231253 -1.3819835285506707 -2.325091387512526
11200.000282935805 0.0026585308800032943 -2.103953569490751 -1.351211368837529 -2.2895445565996964
11400.00028798823 0.002613845501366941 -2.1008341585480537 -1.3214713686023423 -2.255194387847852
11600.000293040655 0.002570663812129225 -2.0977149235775214 -1.292715595197614 -2.2219808336085256
11800.00029809308 0.0025289097860366643 -2.0945934446907644 -1.2648892576332935 -2.1898492806209067
12000.000303145505 0.0024885137685103334 -2.0914708816495367 -1.2379495380534271 -2.158745403538548
12200.00030819793 0.002449410567008173 -2.0883485361644696 -1.2118566841793772 -2.12861821442481
12400.000313250355 0.0024115414455954127 -2.085226833507668 -1.1865727869944376 -2.099423055267486
12600.00031830278 0.002374849018103542 -2.082101919950456 -1.1620522865015972 -2.071121035145886
12800.000323355205 0.0023392803350033384 -2.0789780107815634 -1.1382692846411402 -2.0436671748051047
13000.000328407632 0.002304780644035617 -2.0758533379741553 -1.1151850184921557 -2.017021614076529
13200.000333460057 0.0022713083697845377 -2.072728624763475 -1.0927727766695852 -1.9911527739536057
13400.000338512482 0.0022388153342085392 -2.0696014342050058 -1.0709968221569377 -1.966026425971186
13600.000343564907 0.002207258941220475 -2.066476738636382 -1.0498391935308629 -1.9416049292593485
13800.000348617332 0.002176603656991051 -2.063350215225548 -1.029267397754398 -1.9178665499837853
14000.000353669757 0.0021468071821428157 -2.0602232148400943 -1.0092572831449567 -1.8947772464643007
14200.000358722182 0.0021178343589399193 -2.057096140396162 -0.9897865715755951 -1.8723100476777579
14400.000363774607 0.002089658158296655 -2.0539679707555956 -0.9708344516114946 -1.85044634780368
14600.000368827032 0.0020622381975250828 -2.0508399829580903 -0.9523785093429586 -1.8291532353176938
14800.000373879457 0.002035547938464381 -2.047711800673367 -0.9344000103171801 -1.8084114660402495
15000.000378931882 0.002009559686267215 -2.044582192409454 -0.9168784660319104 -1.7882013340777256
15200.000383984307 0.0019842489131688575 -2.0414533006914537 -0.8998011737248532 -1.7685026426825519
15400.000389036732 0.0019595829106769285 -2.038324351534027 -0.8831467253236966 -1.749290440540705
15600.000394089157 0.0019355433532160138 -2.035193872501224 -0.8668993510846091 -1.7305529715289776
15800.000399141583 0.001912105107299871 -2.03206288605154 -0.8510448161950376 -1.7122700319137183
16000.000404194008 0.0018892454754300438 -2.028932384504434 -0.8355700980775695 -1.6944235236892615
16200.000409246433 0.0018669478388075227 -2.0258025483522903 -0.8204636505734094 -1.6770013807137532
16400.00041429886 0.0018451825032784349 -2.0226711819715826 -0.8057044323600744 -1.6599815776327764
16600.000419351283 0.0018239422208382256 -2.0195388984561533 -0.791286221232625 -1.6433597722482047
16800.000424403708 0.0018031990170717515 -2.016408615492159 -0.7771976340077708 -1.6271111003435672
17000.000429456133 0.001782941203624755 -2.0132764425213296 -0.7634234046627053 -1.6112305982683215
17200.000434508558 0.0017631507852524594 -2.010143893332805 -0.7499545718016729 -1.5957032405087528
17400.000439560983 0.0017438118766642471 -2.0070137903523224 -0.7367852277238058 -1.580514912743079
17600.000444613408 0.0017249062087786899 -2.0038806473264654 -0.7238954539955795 -1.5656553901698187
17800.000449665833 0.001706425547526816 -2.0007474908516496 -0.7112832378640237 -1.5511171151095795
18000.000454718258 0.0016883541598587792 -1.9976143922447165 -0.6989388233522487 -1.5368878587338175
18200.000459770683 0.00167067614624848 -1.9944810021609536 -0.6868519085995111 -1.522955429845825
18400.000464823108 0.0016533822556091047 -1.9913478566924427 -0.6750164314891152 -1.5093129895362167
18600.000469875533 0.0016364560285916554 -1.988215199900622 -0.6634230361419672 -1.4959472613130942
18800.000474927958 0.0016198926427610043 -1.9850817640802654 -0.6520649744527625 -1.4828565146915427
19000.000479980383 0.0016036743689079058 -1.981947966647716 -0.6409329276837112 -1.4700260078321596
19200.000485032808 0.0015877915090827613 -1.9788146474272879 -0.6300215507043916 -1.457448016899178
19400.000490085233 0.0015722393584032886 -1.9756808866131041 -0.6193249821617627 -1.4451204678443652
19600.000495137658 0.0015570035005175401 -1.9725458299520096 -0.6088337470172535 -1.4330322289176909
19800.000500190083 0.0015420698898482477 -1.9694116480380663 -0.5985430099528211 -1.4211705775216443
20000.00050524251 0.0015274373802868124 -1.9662761642107214 -0.5884468282586548 -1.4095372577586482
20200.000510294936 0.0015130973895440684 -1.9631418378805234 -0.5785430030217873 -1.3981243520873265
20400.00051534736 0.0014990400166979654 -1.960007814974992 -0.5688242186229198 -1.3869246482667548
20600.000520399786 0.001485253098574451 -1.9568717224027743 -0.5592803633039685 -1.375929591965951
20800.00052545221 0.0014717310523483626 -1.9537371993084809 -0.549912227916832 -1.3651332653019503
21000.000530504636 0.001458468373206796 -1.9506029166096666 -0.5407138033267922 -1.3545326051949997
21200.00053555706 0.001445455922661961 -1.9474655224034558 -0.5316751389147633 -1.3441221562858443
21400.000540609486 0.0014326893416094161 -1.9443305237854425 -0.5228000819567444 -1.3338961068491217
21600.00054566191 0.001420160594351792 -1.9411958277273724 -0.514080906820643 -1.323849287113945
21800.000550714336 0.001407860474195668 -1.9380601303991307 -0.5055106769095876 -1.3139749123681401
22000.00055576676 0.0013957861634520128 -1.9349244743948608 -0.4970879436360321 -1.3042709037526636
22200.000560819186 0.001383932007766665 -1.9317885472448653 -0.4888084881065405 -1.2947332018898994
22400.00056587161 0.001372292582037865 -1.928651581729556 -0.4806676592840883 -1.2853581337644795
22600.000570924036 0.0013608555289762563 -1.9255165896684452 -0.4726633068796827 -1.2761336799390608
22800.00057597646 0.001349621142883242 -1.9223813289519047 -0.46479101005535706 -1.267062171438004
23000.000581028886 0.0013385879430778834 -1.919244878329233 -0.45704747666795553 -1.2581435869665007
23200.00058608131 0.001327744507980138 -1.9161072531771959 -0.44942726404981714 -1.249368085393618
23400.000591133736 0.0013170870127842639 -1.9129718551131554 -0.44193180803178617 -1.24073142794673
23600.00059618616 0.0013066139776282291 -1.9098369059007532 -0.43455686517038533 -1.2322339134542393
23800.000601238586 0.0012963172692982972 -1.9066986695561352 -0.427293676856511 -1.2238703266275546
24000.00060629101 0.001286195903795333 -1.9035611988513108 -0.4201455031077934 -1.2156387864650389
24200.000611343436 0.0012762431255528893 -1.9004248429300514 -0.41310913664443827 -1.207533584105177
24400.00061639586 0.0012664565180925437 -1.8972887166033252 -0.4061813463564041 -1.1995535945055513
24600.000621448286 0.0012568286793697874 -1.8941539688373257 -0.3993597941048601 -1.1916921096235082
24800.00062650071 0.0012473599932465369 -1.891014697150711 -0.3926362924297908 -1.1839525727912368
25000.000631553135 0.0012380455033101138 -1.8878776817289669 -0.38601608010277727 -1.1763282935339432
25200.00063660556 0.0012288811668032357 -1.8847422252044392 -0.37949578645153204 -1.168816439903724
25400.000641657985 0.001219861634987709 -1.881604781925079 -0.37306839990653007 -1.1614139561353944
25600.00064671041 0.0012109839886074998 -1.8784663676017395 -0.36673307362946195 -1.1541183099535406
25800.00065176284 0.0012022530121371135 -1.8753278371405953 -0.3604910871068717 -1.1469343840469988
26000.000656815264 0.001193652934448359 -1.8721906399697734 -0.354338209833859 -1.1398472533497261
26200.00066186769 0.0011851880220432086 -1.869053632572588 -0.34827330696298797 -1.1328620177460968
26400.000666920114 0.001176856035278286 -1.8659162576402712 -0.3422939891885959 -1.1259773322479827
26600.00067197254 0.0011686510471215872 -1.8627787057217595 -0.3363976816208103 -1.119188040383977
26800.000677024964 0.0011605684847812777 -1.8596422589707418 -0.3305834722449257 -1.1124898991658303
27000.00068207739 0.0011526086666755677 -1.8565043218936803 -0.324847557308084 -1.1058846246361331
27200.000687129814 0.0011447727128601943 -1.8533657496495204 -0.3191902115392803 -1.0993735365956372
27400.00069218224 0.0011370502547897537 -1.8502279269881203 -0.31360908057717396 -1.0929467628832539
27600.000697234664 0.0011294409674050166 -1.8470900857533212 -0.30810229725602506 -1.086604745654251
27800.00070228709 0.001121945470195478 -1.8439506818120852 -0.302667431700507 -1.0803490472435153
28000.000707339514 0.0011145613398375292 -1.84081354426334 -0.29730704209955383 -1.0741766628345835
28200.00071239194 0.0011072824709094568 -1.837674950960955 -0.29201458281805553 -1.0680833084572332
28400.000717444364 0.0011001103930979382 -1.8345385460857968 -0.2867934841736929 -1.0620698538408921
28600.00072249679 0.0010930404361571945 -1.831402044742553 -0.2816392088611042 -1.0561329230294838
28800.000727549213 0.0010860703376884293 -1.828264845436861 -0.2765497094736961 -1.050270934852847
29000.00073260164 0.0010792019126702045 -1.8251252903915314 -0.27152290016975444 -1.0444865164253838
29200.000737654063 0.0010724278757526424 -1.8219846354921412 -0.26655747298506893 -1.0387726711302812
29400.00074270649 0.0010657492058373718 -1.8188473770276088 -0.26165755369001004 -1.0331295631913493
29600.000747758913 0.0010591635944023202 -1.8157080082665682 -0.2568160775035263 -1.02755682180741
29800.00075281134 0.0010526694626343137 -1.8125718819380336 -0.2520374019193756 -1.0220519290117043
30000.000757863763 0.0010462669063056233 -1.8094319296023047 -0.24731355260359633 -1.0166171579945562
30200.00076291619 0.0010399496577847098 -1.8062941110016664 -0.2426483950803618 -1.0112452952135103
30400.000767968613 0.0010337176378855035 -1.8031580190358865 -0.2380407617819112 -1.0059367527861145
30600.00077302104 0.0010275705979335705 -1.8000168846450901 -0.23348308867919032 -1.0006932502212558
30800.000778073463 0.0010215056831857441 -1.7968777919456596 -0.22898116066096136 -0.9955106673678251
31000.000783125888 0.0010155243655606146 -1.7937402697818372 -0.2245341226986226 -0.9903909151396981
31200.000788178313 0.0010096236965200565 -1.790599804181267 -0.22013616288479587 -0.985332470978797
31400.00079323074 0.0010037967897114162 -1.787463183131912 -0.21579182764322213 -0.9803274361953476
31600.000798283167 0.0009980499637292214 -1.7843238561554395 -0.21149539896640862 -0.975383732853865
31800.00080333559 0.0009923752313217174 -1.78118554771392 -0.20724819322190524 -0.9704930634203874
32000.000808388017 0.0009867756087501677 -1.7780442690640554 -0.20304636614341665 -0.9656595027338661
32200.00081344044 0.0009812503416678164 -1.774908027038884 -0.19889687344931312 -0.9608809846985705
32400.000818492867 0.0009757917138653036 -1.7717678838813165 -0.194788934874067 -0.9561520484205496
32600.00082354529 0.000970404791356758 -1.7686299214228123 -0.1907288353839861 -0.9514767314239594
32800.00082859772 0.0009650901934248655 -1.7654910334164473 -0.18671312238241994 -0.9468565315690924
33000.00083365014 0.0009598388888763535 -1.762352008796083 -0.1827402246961507 -0.9422827085739147
33200.00083870257 0.0009546547513427892 -1.759213350994455 -0.17881081589711212 -0.9377592368937624
33400.00084375499 0.0009495366093184976 -1.7560741804781848 -0.174923291273532 -0.9332853875455804
33600.000848807416 0.0009444813429496659 -1.7529368917749233 -0.1710787631291542 -0.9288579353088411
33800.00085385984 0.000939488976833003 -1.7497970672233 -0.16727260102203084 -0.9244779145755984
34000.000858912266 0.000934557884405499 -1.7466590463517673 -0.16350801903825252 -0.9201432317931096
34200.00086396469 0.0009296889629009824 -1.7435193778572717 -0.1597814734708083 -0.9158555827614971
34400.000869017116 0.0009248777878983406 -1.740378765453319 -0.15609235698169954 -0.9116107166107832
34600.00087406954 0.000920126329795762 -1.7372404182887573 -0.15244343647475023 -0.9074103049112834
34800.000879121966 0.0009154313678912865 -1.7341016467293824 -0.14883122762993228 -0.9032518225840893
35000.00088417439 0.0009107931440901869 -1.7309613659815635 -0.14525432494503365 -0.8991358809470626
35200.000889226816 0.0009062132864915748 -1.7278216975979692 -0.14171442304180004 -0.8950639881683269
35400.00089427924 0.0009016840809716322 -1.72468220244424 -0.13820944704449922 -0.8910288045991055
35600.000899331666 0.0008972117894631567 -1.7215446811399513 -0.13474150952431696 -0.8870364822050941
35800.00090438409 0.0008927905295734118 -1.7184039052915052 -0.13130462257111486 -0.8830821172390652
36000.000909436516 0.0008884215266030004 -1.7152653015405976 -0.1279033434850052 -0.8791663913372498
36200.00091448894 0.0008841052548077402 -1.7121260529823006 -0.12453480717544152 -0.875290342332437
36400.000919541366 0.0008798397895232418 -1.7089857919551055 -0.121197989384215 -0.8714522950784662
36600.00092459379 0.0008756225609844275 -1.7058491923006012 -0.11789618169326799 -0.8676493298833783
36800.000929646216 0.000871452054190324 -1.7027072936087704 -0.11462099644511059 -0.8638811897051963
37000.00093469864 0.0008673321298898033 -1.6995684105345794 -0.1113797479785168 -0.8601509026208278
37200.000939751066 0.0008632590400595257 -1.6964285440618578 -0.10816807812975604 -0.8564553912015551
37400.00094480349 0.0008592321207074896 -1.6932911038960687 -0.10498842870260727 -0.8527938010410532
37600.000949855916 0.0008552523694239426 -1.6901484544156837 -0.10183401779111723 -0.8491680918556623
37800.00095490834 0.0008513160117832854 -1.6870103957412461 -0.0987123503547771 -0.8455736655111927
38000.000959960766 0.0008474246166091306 -1.683869800972884 -0.0956171871433984 -0.8420129656709072
38200.00096501319 0.0008435779647926186 -1.6807335820213105 -0.09255394521234583 -0.8384852711343751
38400.000970065616 0.0008397729132989164 -1.6775923130658055 -0.08951399294038809 -0.8349884975126409
38600.00097511804 0.000836010742318164 -1.674453886881977 -0.0865037271729493 -0.8315233408970283
38800.000980170465 0.0008322886690810382 -1.6713132100724395 -0.08351825725875106 -0.8280876338801028
39000.00098522289 0.0008286104963039459 -1.6681729997739594 -0.0805598779754787 -0.8246850675534555
39200.000990275315 0.0008249715347633201 -1.6650323488383287 -0.07762702305857794 -0.8213111946520703
39400.00099532774 0.0008213725068277875 -1.6618940265661113 -0.07472169592199646 -0.8179666638262861
39600.001000380165 0.0008178119177689721 -1.658754367109579 -0.07184041632377258 -0.8146504081060728
39800.00100543259 0.0008142916696717328 -1.6556155331666667 -0.06898478751360515 -0.8113642969643667
40000.00101048502 0.0008108085746086613 -1.652474778870468 -0.06615197796587902 -0.8081054760797819
40200.00101553745 0.000807363658054454 -1.649336111241796 -0.06334499686472889 -0.8048748273609238
40400.00102058987 0.0008039547587979661 -1.6461960306802095 -0.06056053040137488 -0.8016705535014993
40600.0010256423 0.0008005831350536146 -1.6430556221546673 -0.05779924367471112 -0.7984939596283152
40800.00103069472 0.000797249768480238 -1.6399163402087689 -0.055062046387163166 -0.7953460658037173
41000.00103574715 0.0007939496875122811 -1.6367750042577305 -0.05234575259187135 -0.7922222090338288
41200.00104079957 0.0007906838364373043 -1.6336362280700425 -0.04965379989894225 -0.7891232029023159
41400.001045852 0.0007874523637523244 -1.6304979280979455 -0.046984244611996906 -0.7860494297036053
41600.00105090442 0.0007842549619322106 -1.6273547910615407 -0.044332611781043085 -0.7830009354068259
41800.00105595685 0.0007810922354198303 -1.6242148166849375 -0.04170492666410419 -0.7799780633614573
42000.00106100927 0.0007779612870696109 -1.6210761541208176 -0.03909928009214386 -0.7769781274111142
42200.0010660617 0.000774865001789998 -1.6179367939697433 -0.03651397097323572 -0.774004199551126
42400.00107111412 0.0007717991566871726 -1.6147981554581081 -0.03394961645966882 -0.7710521135469847
42600.00107616655 0.0007687663705604587 -1.6116563398416635 -0.03140306411327842 -0.7681247164809878
42800.00108121897 0.0007657639565740132 -1.6085165383840256 -0.028877929343627096 -0.7652192511853787
43000.0010862714 0.0007627906534761118 -1.6053771336548894 -0.026372659316510116 -0.7623346141105551
43200.00109132382 0.0007598507684691465 -1.602233655049655 -0.023883743506399546 -0.7594753170046232
43400.00109637625 0.000756939380848313 -1.59909562337854 -0.021417993000057756 -0.7566363035533498
43600.00110142867 0.0007540583737250219 -1.5959576402837208 -0.01897109724161894 -0.7538196922701569
43800.0011064811 0.0007512060447317379 -1.5928153012511048 -0.016539450149993362 -0.7510239465091894
44000.00111153352 0.000748385211763256 -1.5896765793555423 -0.01412886237084876 -0.7482518295560922
44200.00111658595 0.0007455863973518258 -1.5865361834649712 -0.011734938473820566 -0.7454940423203196
44400.00112163837 0.000742820282451475 -1.583396334964438 -0.009359293975562899 -0.7427613180810967
44600.0011266908 0.00074008237639474 -1.5802559406996857 -0.0070007891272294565 -0.7400492637667319
44800.00113174322 0.0007373695218296059 -1.5771174530492769 -0.004660974803992413 -0.7373547904754523
45000.00113679565 0.0007346856989853054 -1.5739752876902775 -0.002335533173729587 -0.7346819866978646
45200.00114184807 0.0007320279877953599 -1.5708352887268973 -2.8521224675781554e-05 -0.7320279872397389
45400.0011469005 0.0007293965600949602 -1.567695909766887 0.0022614298920544673 -0.7293930544042795
45600.00115195292 0.0007267895036465031 -1.564557715896098 0.00453412750687332 -0.7267753602719906
45800.00115700535 0.0007242103353892858 -1.56141600182232 0.006793228670166851 -0.7241784738093895
46000.00116205777 0.0007216561747487783 -1.5582750018759095 0.009035855327216291 -0.7215996035694205
46200.0011671102 0.0007191249062542574 -1.5551375888922248 0.011260128256617374 -0.7190367447542851
46400.00117216262 0.0007166203151493076 -1.551997003604547 0.013471183391169372 -0.7164936868547653
46600.00117721505 0.0007141421500042031 -1.548855703160322 0.015667467034713223 -0.7139702661101104
46800.00118226747 0.0007116855273050608 -1.545714073167677 0.017848805256232447 -0.7114616714387414
47000.0011873199 0.0007092534826300821 -1.5425773546059145 0.02001174812734896 -0.708971108409777
47200.00119237232 0.0007068432675526198 -1.5394353045412221 0.02216369397715967 -0.7064957010157609
47400.001197424746 0.0007044595426626656 -1.5362942914146778 0.024300466221435446 -0.7040402932999736
47600.00120247717 0.0007020954167643432 -1.5331531532128455 0.026422858376752067 -0.7015980379082447
47800.001207529596 0.000699755717345824 -1.5300151905739459 0.028528923948540896 -0.699173915743792
48000.00121258202 0.0006974354718328423 -1.526877205958302 0.03062090649158211 -0.6967629420802552
48200.001217634446 0.0006951423047551546 -1.5237354894641317 0.03270190486588476 -0.6943726731939059
48400.00122268687 0.0006928690564653522 -1.5205959704348102 0.03476766639193407 -0.6919961985306324
48600.001227739296 0.000690615253249326 -1.5174548021695278 0.036821003494254434 -0.6896329760983786
48800.00123279172 0.0006883854163454573 -1.514312137416393 0.0388622197778945 -0.6872875739536131
49000.001237844146 0.0006861748587175003 -1.5111745379768735 0.04088673872724691 -0.6849556272724762
49200.00124289657 0.0006839866575252052 -1.5080340047064118 0.04290041305385017 -0.682639950656502
49400.001247948996 0.0006818186765537947 -1.504890777587693 0.04490311143723602 -0.6803384586224883
49600.00125300142 0.0006796698089477346 -1.5017519970548863 0.046890070578228915 -0.6780504188305017
49800.001258053846 0.0006775447097279353 -1.4986105527139861 0.048866624611871856 -0.6757802058949007
50000.00126310627 0.000675437767607 -1.495471291618019 0.05082927539493909 -0.6735225034642518
50200.001268158696 0.0006733486395668728 -1.4923318154837308 0.05277977499303255 -0.6712769069156508
50400.00127321112 0.0006712818810922532 -1.489193379361283 0.05471780482598376 -0.669048074294949
50600.001278263546 0.0006692314894614956 -1.486050569154686 0.056646668172142256 -0.6668297694853216
50800.00128331597 0.0006671999251326123 -1.4829104168273741 0.058562016377479154 -0.664624879413017
51000.001288368396 0.0006651900390213208 -1.4797699912062856 0.06046622914827271 -0.6624361275970498
51200.00129342082 0.000663196256832324 -1.476630493584318 0.062358175568204555 -0.6602580806140965
51400.00129847325 0.0006612229679790929 -1.4734860149039966 0.06424231286810711 -0.6580947793596579
51600.00130352568 0.0006592669579686907 -1.4703509549042109 0.06610901845881134 -0.6559439911667031
51800.0013085781 0.0006573298004570889 -1.4672094421390252 0.06796903983100488 -0.6538062986798212
52000.00131363053 0.000655408798300142 -1.464069053489279 0.06981727286231809 -0.6516795541516589
52200.00131868295 0.0006535059165234654 -1.4609279714300853 0.07165525789381899 -0.6495656294381229
52400.00132373538 0.0006516192741610354 -1.4577865087183497 0.07348273158970375 -0.6474627144602771
52600.0013287878 0.0006497520872733089 -1.4546489393455222 0.07529744413896955 -0.6453743640881318
52800.00133384023 0.0006479008699941858 -1.4515064161528355 0.07710486473570177 -0.6432964924304438
53000.00133889265 0.0006460666904120347 -1.4483649020249862 0.07890140532152468 -0.6412306423575282
53200.00134394508 0.000644249115865713 -1.445225872790551 0.08068622068302256 -0.639176546101031
53400.0013489975 0.0006424469598135268 -1.4420820859020056 0.08246393031558696 -0.637132479450349
53600.00135404993 0.000640664480382956 -1.4389425422033086 0.08422947963400174 -0.6351034334539125
53800.00135910235 0.0006388973118405686 -1.4358024156230105 0.08598553315993107 -0.6330847203686938
54000.00136415478 0.0006371429657529368 -1.4326629227787433 0.08773110721356725 -0.6310740143877971
54200.0013692072 0.0006354056624103201 -1.4295219850484597 0.08946821460271048 -0.6290753487452048
54400.00137425963 0.0006336887318165671 -1.4263840284526332 0.09119469704041139 -0.6270924461855657
54600.00137931205 0.000631980621217766 -1.4232413714134657 0.09291385336530145 -0.625113206905441
54800.00138436448 0.0006302913280861066 -1.420102012814725 0.09462224232454908 -0.6231482885461714
55000.0013894169 0.0006286148541632132 -1.4169573635831791 0.0963244631071909 -0.6211909792340431
55200.00139446933 0.0006269570891239821 -1.413820279205292 0.0980135524688942 -0.6192483630460754
55400.00139952175 0.0006253137693326091 -1.4106798177533528 0.09969579178032784 -0.6173152024843135
55600.00140457418 0.00062368219792296 -1.4075403336176378 0.10136816638754331 -0.6153892904895579
55800.0014096266 0.0006220677944635854 -1.4044017326378602 0.10303173523518394 -0.6134759998917777
56000.00141467903 0.0006204645751891995 -1.4012579706678094 0.10468933850648665 -0.6115688280707152
56200.00141973145 0.0006188795602454412 -1.3981195905539598 0.10633581814556192 -0.6096758186683351
56400.00142478388 0.0006173059970396488 -1.3949785352085218 0.10797507865990619 -0.6077895000487439
56600.0014298363 0.0006157488797775363 -1.3918347893534724 0.10960809866213805 -0.6059148023071905
56800.00143488873 0.0006142061345833377 -1.3886977292520717 0.11122896566435625 -0.6040507370718479
57000.00143994115 0.0006126750548639855 -1.385557453706451 0.11284330358047345 -0.6021935832351858
57200.00144499358 0.0006111553125661825 -1.3824161337022731 0.11444982737001119 -0.6003432793767604
57400.001450046 0.0006096515181809748 -1.3792752979760923 0.11604858860592915 -0.5985045519483869
57600.00145509843 0.0006081619646076637 -1.3761340055256002 0.11763995861724208 -0.5966756366167356
57800.00146015085 0.0006066860233411353 -1.372994638534635 0.11922251597675193 -0.5948562201084004
58000.00146520328 0.0006052213023958223 -1.3698549419510666 0.12079724693971827 -0.5930437167743033
58200.0014702557 0.000603770088488085 -1.3667100166772417 0.12236760348792797 -0.5912397900763541
58400.00147530813 0.0006023334892586661 -1.3635730276508298 0.12392614027795068 -0.5894471511834876
58600.00148036055 0.0006009084079311109 -1.3604283698162576 0.12548154894113617 -0.5876608678461036
58800.00148541298 0.0005994948721750136 -1.357291932478702 0.12702458174766462 -0.5858829724407143
59000.0014904654 0.0005980933777838849 -1.3541499526609864 0.12856352512095776 -0.5841122396914908
59200.00149551783 0.0005967067436718185 -1.3510073659214534 0.13009619158974262 -0.5823520575023929
59400.00150057025 0.0005953301084902277 -1.3478689580330179 0.13161885211165492 -0.580598325732857
59600.00150562268 0.0005939665262339596 -1.3447272100669 0.13313664835790395 -0.5788530617958766
59800.0015106751 0.0005926148425429697 -1.341585881820441 0.13464724166912612 -0.5771156486468936
60000.00151572753 0.0005912771538921076 -1.3384500020535017 0.1361483238426161 -0.5753888308175586
60200.00152077995 0.0005899508811875101 -1.3353086896056179 0.13764568299871605 -0.5736686396917098
60400.00152583238 0.0005886330451095953 -1.3321689071014424 0.13913470051480925 -0.571953142230768
60600.0015308848 0.0005873298996217026 -1.3290245550268585 0.14062042847528888 -0.570247583147062
60800.00153593723 0.0005860378654534388 -1.3258870615857117 0.14209560414170275 -0.5685501024789525
61000.00154098965 0.0005847561961967516 -1.3227416509507177 0.14356854811579062 -0.5668579019317079
61200.00154604208 0.0005834856126139856 -1.3196033839865917 0.14503097384213226 -0.5651738464878933
61400.0015510945 0.0005822271551914873 -1.3164609876650506 0.14648962443339497 -0.5634973382153061
61600.001556146926 0.0005809789828217041 -1.313320771513655 0.14794056792103238 -0.5618275241065931
61800.00156119935 0.0005797461886399063 -1.3101813728409486 0.1493859765895551 -0.5601691469912304
62000.001566251776 0.0005785180096089142 -1.3070429292763301 0.1508231036297083 -0.5585118430735037
62200.0015713042 0.0005773039771169355 -1.3039023121629072 0.15225624386016356 -0.5568643624803311
62400.001576356626 0.0005760994248818022 -1.300760765669539 0.15368357170466718 -0.5552223943045163
62600.00158140905 0.0005749071449195372 -1.2976188792243721 0.155105587917876 -0.5535887299035123
62800.00158646148 0.0005737246830268728 -1.2944777064513338 0.1565211434374678 -0.5519611794060459
63000.00159151391 0.0005725514576894202 -1.291337013944904 0.15793029121164182 -0.5503391634438586
63200.00159656633 0.000571391011000981 -1.2881978765645978 0.15933350763546672 -0.5487262712840546
63400.00160161876 0.0005702407493080708 -1.2850569561476037 0.16073200368758855 -0.5471194889254112
63600.00160667118 0.0005690973978894494 -1.2819210646489196 0.16212120652367568 -0.5455167849661915
63800.00161172361 0.0005679672075382349 -1.2787762836668837 0.16351056535914388 -0.5439219097027749
64000.00161677603 0.0005668465125072737 -1.2756361391341768 0.1648917473475146 -0.5423335508691512
64200.00162182846 0.0005657366278653575 -1.2724922982828955 0.16626974543180867 -0.5407516101339944
64400.00162688088 0.0005646357810893824 -1.2693511520788152 0.16764066024510793 -0.5391754578233334
64600.00163193331 0.0005635444010899333 -1.2662117672889464 0.16900520912596878 -0.537605367614665
64800.00163698573 0.0005624619040710757 -1.2630732700239513 0.17036377005422426 -0.5360406508691027
65000.00164203816 0.0005613907200937426 -1.2599303972466083 0.17171997629700997 -0.5344827315713063
65200.00164709058 0.0005603275417262448 -1.2567928329603644 0.1730677195717641 -0.5329301253065037
65400.00165214301 0.0005592740793098462 -1.2536507181641996 0.17441286175250925 -0.5313827711200056
65600.00165719543 0.0005582320715637535 -1.2505106089167926 0.17575253569818217 -0.5298434598237661
65800.00166224786 0.0005571998120597564 -1.2473682864935782 0.17708853283894727 -0.5283098353205029
66000.00166730028 0.000556174931511881 -1.244227282520074 0.17841830297271077 -0.5267802801990442
66200.00167235271 0.0005551590131729767 -1.2410882680959654 0.17974207148546262 -0.5252564303702603
66400.00167740513 0.000554153322799755 -1.2379422428990254 0.18106504815694827 -0.5237378671682347
66600.00168245756 0.0005531550413972268 -1.2348004559345307 0.18238048174435195 -0.5222239555036381
66800.00168750998 0.0005521686635838364 -1.2316624985576923 0.1836901589576768 -0.5207188862966883
67000.00169256241 0.0005511898472087848 -1.2285263912332356 0.1849937668395297 -0.5192182141417665
67200.00169761483 0.0005502165590818535 -1.2253829507028988 0.18629544033980502 -0.5177183315244622
67400.00170266726 0.0005492559257399105 -1.2222417096852811 0.1875927021791805 -0.5162277114312244
67600.00170771968 0.0005483045972115134 -1.2191007962408615 0.18888547752922577 -0.5147428559016982
67800.00171277211 0.0005473620869693189 -1.215960720496731 0.1901734130241568 -0.5132634092063759
68000.00171782453 0.0005464272987491249 -1.2128215263383035 0.1914561774861749 -0.5117883595009246
68200.00172287696 0.0005454983572623682 -1.2096801564448374 0.19273473438563835 -0.5103153730167647
68400.00172792938 0.0005445810822726895 -1.2065392841738571 0.19400983251569526 -0.5088504102941508
68600.00173298181 0.0005436725716168489 -1.2033957210957862 0.19528214603989644 -0.5073901344789138
68800.00173803423 0.0005427707242612286 -1.200256178395858 0.19654757795555367 -0.5059338975744403
69000.00174308666 0.0005418788845616937 -1.1971147638622446 0.1978103916520107 -0.5044836711810439
69200.00174813908 0.0005409922765013953 -1.1939738062756489 0.19906773189340957 -0.5030354672912992
69400.00175319151 0.0005401147424042001 -1.1908349449524356 0.20032024333372359 -0.5015931967970391
69600.00175824393 0.0005392466408536882 -1.187692804712861 0.2015708309607754 -0.5001561154057492
69800.00176329636 0.0005383887262468857 -1.1845497787674728 0.20281864783460615 -0.49872539201476995
70000.00176834878 0.0005375353585281867 -1.181410246493622 0.20405945426951097 -0.49729669292209827
70200.0017734012 0.0005366913139136394 -1.1782713986831688 0.20529651902765822 -0.49587388084620365
70400.00177845363 0.0005358559490783684 -1.175129918584168 0.20653131238493144 -0.49445567563456766
70600.00178350606 0.0005350263708399038 -1.1719874101494803 0.20776197851808872 -0.4930397324520281
70800.00178855848 0.0005342066881759738 -1.1688464988302634 0.20898887429638435 -0.4916303856682092
71000.0017936109 0.0005333931818553618 -1.1657093979141064 0.21020953578188453 -0.49022468064771246
71200.00179866333 0.0005325866109176535 -1.1625646687818378 0.21142991954736612 -0.48882091531454175
71400.00180371576 0.0005317889521082574 -1.1594235478338777 0.2126453613908054 -0.48742326561559635
71600.00180876818 0.0005310003313282335 -1.1562853357067433 0.2138563383668914 -0.4860317051499824
71800.0018138206 0.0005302178074396772 -1.1531461251679151 0.21506363552155355 -0.4846427096350372
72000.00181887303 0.0005294431893613328 -1.1500018436229509 0.21627000257233547 -0.48325705038670896
72200.00182392546 0.0005286758747570034 -1.1468612511827567 0.21747101180785422 -0.4818760624614496
72400.00182897788 0.0005279153328105072 -1.143723839476244 0.2186667600390116 -0.4804991640684404
72600.0018340303 0.0005271618040919812 -1.140575763006992 0.21986404693232509 -0.47912354206410346
72800.00183908273 0.0005264165470179906 -1.137436347589499 0.22105417856438941 -0.477754572048837
73000.00184413516 0.0005256823068283443 -1.1343015501463174 0.22224034235896176 -0.4763938684959546
73200.00184918758 0.000524949727356958 -1.1311596695954325 0.22342422195110972 -0.475030349870075
73400.00185424 0.0005242253555085598 -1.128018811338104 0.2246047627729808 -0.47367174699127756
73600.00185929243 0.0005235086026205574 -1.1248761139506354 0.2257831309968158 -0.47231687962109026
73800.00186434486 0.0005228016099054965 -1.1217366250046894 0.2269579307557471 -0.4709688110553059
74000.00186939728 0.0005220974498984021 -1.1185993588032503 0.22812668835564243 -0.46962108262971125
74200.0018744497 0.000521402648232871 -1.1154530880343987 0.22929755853882694 -0.4682770026729738
74400.00187950213 0.0005207141647101793 -1.1123123523962146 0.23046244412868389 -0.46693715120565527
74600.00188455456 0.0005200332086777254 -1.109171024743677 0.23162480675140928 -0.4656012102916218
74800.00188960698 0.0005193603104932307 -1.106032810764508 0.23278321936845336 -0.46427050832040095
75000.0018946594 0.0005186932799736439 -1.102894474439733 0.2339382670844308 -0.46294233537596285
75200.00189971183 0.0005180317789889678 -1.0997522218315494 0.23509159118259648 -0.46161549778761723
75400.00190476426 0.0005173766354180728 -1.0966090018644183 0.23624223774314945 -0.4602914163686247
75600.00190981668 0.0005167301159309282 -1.0934661468323537 0.2373906806710543 -0.45897241468363215
75800.0019148691 0.0005160902954952117 -1.0903259250197854 0.23853506035548577 -0.45765731512294183
76000.00191992153 0.000515455774829111 -1.0871853040655728 0.23967617089317866 -0.45634415621399493
76200.00192497396 0.0005148297289061622 -1.0840469685363312 0.24081431304629625 -0.4550363901905351
76400.00193002638 0.0005142085318318561 -1.080903722568788 0.24195111980924983 -0.45372907095724313
76600.0019350788 0.0005135936807470964 -1.0777633286841242 0.2430838034820859 -0.4524253898578561
76800.00194013123 0.0005129870352829633 -1.0746243218503062 0.24421396869604364 -0.4511266295200629
77000.00194518366 0.0005123855191959865 -1.071478487267334 0.24534390569639453 -0.44982806517532825
77200.00195023608 0.0005117942479313277 -1.0683423468691182 0.24646867779371578 -0.4485382292315904
77400.0019552885 0.0005112035608663926 -1.0652031237256279 0.24758943722637627 -0.4472455155911637
77600.00196034093 0.0005106198387914055 -1.0620595554207812 0.24870984232815502 -0.4459551929246538
77800.00196539336 0.0005100452905259071 -1.0589190300889362 0.24982772487136023 -0.4446710090316852
78000.00197044578 0.0005094771318232611 -1.0557818820603797 0.25094164689582366 -0.4433906152638646
78200.0019754982 0.0005089165327515422 -1.0526408845109514 0.25205544286865567 -0.44211321064647846
78400.00198055063 0.0005083571414389902 -1.04949661283569 0.25316573751420574 -0.4408334068567282
78600.00198560306 0.0005078070949359236 -1.0463532256424464 0.2542747692166584 -0.43955931045431995
78800.00199065548 0.0005072643867758579 -1.043214952835783 0.2553797480986113 -0.4382902489813993
79000.0019957079 0.0005067261065736305 -1.0400759704077787 0.25648181999997904 -0.43702222265322943
79200.00200076033 0.0005061940853255532 -1.0369336217924467 0.25758310204867974 -0.4357561216524134
79400.00200581276 0.0005056697355815044 -1.0337920590367868 0.2586825453334482 -0.43449421425707974
79600.00201086518 0.0005051474123501417 -1.0306504669126861 0.25977765962881166 -0.43323143441101014
79800.0020159176 0.0005046363643727718 -1.0275110178140168 0.2608722984408185 -0.431976277304175
80000.00202097005 0.0005041279522122033 -1.0243668127103422 0.26196503744124466 -0.43071952748868586
80200.00202602247 0.0005036268918979038 -1.0212244318059254 0.26305551170747266 -0.42946693004591463
80400.0020310749 0.0005031309226153334 -1.0180882991849005 0.2641407002486832 -0.4282177200489162
80600.00203612732 0.0005026413726796173 -1.01494502273002 0.26522708066434286 -0.4269694897899849
80800.00204117974 0.0005021566351739096 -1.011802700650597 0.26631037223312165 -0.42572299901489835
81000.00204623217 0.000501679457002101 -1.008665211433826 0.2673904291286656 -0.42448160853953487
81200.0020512846 0.0005012052066650727 -1.0055219658120578 0.26846932496651754 -0.42323856244463426
81400.00205633702 0.0005007408546936139 -1.002383912753762 0.269546187751863 -0.42200267324713525
81600.00206138944 0.0005002829051608386 -0.9992411755577957 0.2706233744100897 -0.4207683144190696
81800.00206644187 0.0004998264436085896 -0.9960989011297988 0.27169608193981926 -0.4195327314870219
82000.0020714943 0.0004993763517673936 -0.9929590652384149 0.2727661581492405 -0.41830056618777733
82200.00207654672 0.0004989333922504536 -0.9898195360733706 0.27383496431881466 -0.4170718669714591
82400.00208159914 0.0004984948444546499 -0.986676453883414 0.2749026567816003 -0.4158432868789435
82600.00208665157 0.0004980676712300498 -0.983537280348677 0.27597001565385193 -0.4146226665108139
82800.002091704 0.0004976396710298061 -0.9803934448057995 0.27703388928895084 -0.41339746778142095
83000.00209675642 0.000497218198707239 -0.9772580110144781 0.27809297731785176 -0.4121774291396415
83200.00210180884 0.0004968048229496433 -0.9741116656180182 0.2791561741237587 -0.41095846816267473
83400.00210686127 0.000496391214593921 -0.9709752553144287 0.2802102535850059 -0.4097394924971899
83600.0021119137 0.0004959918243584404 -0.9678337044098783 0.28126959792522976 -0.4085282158106018
83800.00211696612 0.0004955934642135902 -0.9646923383531485 0.28232461094740724 -0.407315229060518
84000.00212201854 0.0004951984922927188 -0.9615529842220896 0.28337590282614394 -0.40610299736206046
84200.00212707097 0.0004948127415220618 -0.9584103041277345 0.2844290153135086 -0.40489478191298867
84400.0021321234 0.0004944305052717772 -0.9552709277256849 0.28547803026758956 -0.403687773877092
84600.00213717582 0.0004940531456750845 -0.9521297425911553 0.2865258283316385 -0.402481627469273
84800.00214222824 0.0004936826763523836 -0.9489849094080526 0.28757434543528626 -0.40127743616844314
85000.00214728067 0.0004933168507267806 -0.9458463780532013 0.28861832009919003 -0.4000762183810858
85200.0021523331 0.0004929609716897948 -0.9427065607983784 0.28966394700520115 -0.39888007898955624
85400.00215738552 0.0004926059849093933 -0.9395642100209164 0.29070644408443047 -0.39768130423284836
85600.00216243794 0.0004922549541183098 -0.936424370157246 0.29174561862465676 -0.3964838380909562
85800.00216749037 0.000491909898397094 -0.9332831234635752 0.2927842539310557 -0.39528815918399884
86000.0021725428 0.0004915716343484209 -0.9301402811310578 0.293822946562451 -0.3940948461593182
86200.00217759522 0.0004912391455607513 -0.9269993594590809 0.29485974427308226 -0.3929040968715769
86400.00218264764 0.0004909098859357265 -0.9238587131423951 0.29589380104376894 -0.3917133832450692
86600.00218770007 0.0004905889638957641 -0.9207170078739465 0.2969287488185477 -0.39052637506495147
86800.0021927525 0.0004902711298382554 -0.9175744415158912 0.2979613725941379 -0.38933892843472107
87000.00219780492 0.0004899568517437366 -0.9144382245093914 0.2989891728898293 -0.38815356634364395
87200.00220285734 0.0004896515975346625 -0.9112954220106193 0.30002054817164137 -0.38697074520309016
87400.00220790977 0.0004893513565820837 -0.9081490533985367 0.3010519036800048 -0.38578815621966767
87600.0022129622 0.0004890547794027495 -0.9050157590543662 0.30207602398627875 -0.3846097411523961
87800.00221801462 0.0004887616279867027 -0.9018725366370625 0.3031016481984299 -0.3834283764298192
88000.00222306704 0.0004884756328651325 -0.8987310879551713 0.30412660962996974 -0.38225050584397113
88200.00222811947 0.00048819670950981634 -0.8955936184101723 0.3051500675224146 -0.3810767159867916
88400.0022331719 0.0004879184970614046 -0.8924541799817879 0.30617034949151156 -0.379900219619449
88600.00223822432 0.0004876466725279025 -0.8893089695784931 0.30719246371978093 -0.3787242631008825
88800.00224327674 0.0004873837024273825 -0.886168529305212 0.3082140095970114 -0.3775539665795563
89000.00224832917 0.00048712171029150647 -0.8830298402223282 0.30923119798493437 -0.37638228814614094
89200.0022533816 0.00048686485956753357 -0.8798847025415542 0.3102497651543136 -0.37520990752298566
89400.00225843402 0.00048661511618592853 -0.8767461957398947 0.31126608430141967 -0.37404237201727053
89600.00226348644 0.00048637074149248245 -0.8736028553799682 0.312283381787079 -0.3728747613335779
89800.00226853887 0.00048613100881423065 -0.8704600427901219 0.3132992114167026 -0.3717081675944368
90000.0022735913 0.00048589507897255687 -0.8673242056931776 0.31431066955828935 -0.3705439660439326
90200.00227864372 0.00048566452067559744 -0.8641815860366222 0.3153239013958845 -0.36937902465020445
90400.00228369614 0.0004854403389557865 -0.8610406217820008 0.31633646268500215 -0.36821673653087683
90600.00228874857 0.0004852193954396992 -0.8579021717546738 0.3173460299076949 -0.36705498091252164
90800.002293801 0.0004850023013407877 -0.8547576173737581 0.31835618249373704 -0.3658914775912041
91000.00229885342 0.0004847928887978566 -0.8516190410178592 0.31936503709243574 -0.3647329408100098
91200.00230390584 0.00048458875362582997 -0.8484753150941912 0.3203751180157326 -0.3635739868266716
91400.00230895827 0.0004843873560798545 -0.8453347944476431 0.321381724432521 -0.36241536657654416
91600.0023140107 0.0004841944466839414 -0.8421960592781059 0.3223892212722932 -0.36126091984466363
91800.00231906312 0.00048400225090463586 -0.8390557193327848 0.32339369322405964 -0.36010373236562937
92000.00232411554 0.0004838168890817091 -0.8359103478813003 0.32440046605364836 -0.35894723816304613
92200.00232916797 0.0004836353953089029 -0.8327709872445755 0.32540361629598835 -0.35779279212568266
92400.0023342204 0.0004834609744263773 -0.8296334518426928 0.32640684075342374 -0.35664139987201615
92600.00233927282 0.0004832879530951415 -0.8264902804936293 0.32740899627063313 -0.35548641994870667
92800.00234432524 0.000483124635255662 -0.8233505005993529 0.3284125115290033 -0.3543368954288118
93000.00234937767 0.0004829624191900393 -0.8202105592810998 0.3294128455485723 -0.35318532746631437
93200.0023544301 0.00048280516629817374 -0.8170639166838948 0.33041494252410974 -0.3520323768646805
93400.00235948252 0.00048265374354103407 -0.8139275486183829 0.3314134445051419 -0.35088426148149127
93600.00236453494 0.0004825080798464784 -0.8107865978288403 0.3324135662307356 -0.34973599772242486
93800.00236958737 0.00048236557963356934 -0.8076438277865516 0.33341256603047476 -0.3485865935864482
94000.0023746398 0.000482230458055228 -0.8045026138277352 0.3344122016585318 -0.34744020213275334
94200.00237969222 0.000482096113960248 -0.8013658080919238 0.3354069403400213 -0.3462930081120868
94400.00238474464 0.00048197076493471753 -0.7982220505057361 0.3364064511285312 -0.3451470960197462
94600.00238979707 0.0004818469830499008 -0.7950809866932214 0.337402243448336 -0.3440003505671486
94800.00239484949 0.0004817302449807037 -0.791939814461743 0.3383991369247834 -0.3428557321348594
95000.00239990192 0.0004816167494579032 -0.7887996637530491 0.3393941054189415 -0.34171089324935655
95200.00240495434 0.000481509119412829 -0.7856565301700806 0.34039038388097187 -0.3405663204708924
95400.00241000677 0.00048140508877129556 -0.78251621506519 0.34138441682697107 -0.3394223614357308
95600.00241505919 0.00048130782317128525 -0.7793690983361985 0.3423817356878015 -0.338277944467696
95800.00242011162 0.0004812124581982617 -0.7762330877411666 0.3433728451721092 -0.33713575770544496
96000.00242516404 0.00048112507733776103 -0.7730947650182247 0.34436665019349877 -0.33599546169223027
96200.00243021647 0.00048104131101584543 -0.7699553260668546 0.34535964930870167 -0.3348543795938974
96400.00243526889 0.0004809621899400198 -0.7668088314745642 0.34635457812067894 -0.3337111540939952
96600.00244032132 0.00048088807343071686 -0.7636684926265671 0.3473473000345344 -0.33257058247329346
96800.00244537374 0.0004808171325550937 -0.7605276252230563 0.3483387504137949 -0.3314290722291248
97000.00245042617 0.0004807525937198884 -0.7573896430980096 0.3493301562042689 -0.33029002154879156
97200.00245547859 0.0004806917223274361 -0.7542511709278931 0.35032067796478006 -0.32915035242942364
97400.00246053102 0.0004806385724002802 -0.7511072758247119 0.35131491007384913 -0.3280110840181817
97600.00246558344 0.0004805874647849828 -0.7479657112543775 0.35230617707770595 -0.32687102793204104
97800.00247063587 0.0004805417488732182 -0.7448268084713904 0.35329684560703223 -0.32573257634791747
98000.00247568829 0.00048050020113180313 -0.7416859742125412 0.35428753892867565 -0.3245932578590711
98200.00248074072 0.0004804616664068876 -0.7385398926563224 0.3552784861774538 -0.32345109390128846
98400.00248579314 0.0004804315799026331 -0.7353979533498959 0.3562706835330922 -0.3223130512756245
98600.00249084557 0.0004804063758395149 -0.7322585154869417 0.3572620645407525 -0.3211761248712869
98800.00249589799 0.0004803842225001223 -0.7291218754149987 0.3582511982623908 -0.3200391853673674
99000.00250095042 0.000480364991835135 -0.7259791397903629 0.359240844323665 -0.31889895131591395
99200.00250600284 0.0004803520167934017 -0.7228390415909273 0.36023071522414885 -0.31776074623305295
99400.00251105527 0.00048034428318909767 -0.7196949754410673 0.361222178194744 -0.3166214906993723
99600.00251610769 0.0004803432298699961 -0.7165537842619557 0.3622141688097287 -0.31548457077235526
99800.00252116012 0.00048034389401376606 -0.7134182367065178 0.36320210566049305 -0.3143477166452655
100000.00252621254 0.0004803492907486941 -0.7102774524735485 0.3641917026844882 -0.3132089475390938
