# Frequency - Magnitude - Phase - Real part - Imaginary part
-99800.00252116012 0.0004461342292053799 -0.19867504432295077 0.43735829849732255 -0.08805378585958312
-99600.00251610769 0.0004461365508089317 -0.19553384101888135 0.4376350125088291 -0.08667997343151157
-99400.00251105527 0.0004461412038522033 -0.19239188589860245 0.43790976370148227 -0.08530540797396835
-99200.00250600284 0.00044615290263744066 -0.18924759133174188 0.4381873137911152 -0.08393027203780745
-99000.00250095042 0.0004461672846590654 -0.18610874089816962 0.4384627330051836 -0.0825571175954476
-98800.00249589799 0.0004461861520004248 -0.18296866508054097 0.43873835895693736 -0.08118333952677581
-98600.00249084557 0.0004462110201809655 -0.1798219058660605 0.4390161179397928 -0.07980678367164007
-98400.00248579314 0.00044623907918829814 -0.1766816563355129 0.43929218833370137 -0.07843270404498404
-98200.00248074072 0.0004462719889757562 -0.173537956294012 0.4395690015786945 -0.07705699835503027
-98000.00247568829 0.00044630987734390617 -0.17039687557881106 0.4398462146063551 -0.07568232363764188
-97800.00247063587 0.0004463498280959122 -0.16725564776543347 0.4401211728404866 -0.07430694623495765
-97600.00246558344 0.0004463955503697667 -0.1641135262704377 0.440397589198728 -0.07293113750570032
-97400.00246053102 0.0004464461234114077 -0.16097150220827572 0.44067448557584715 -0.07155514566777402
-97200.00245547859 0.00044650021702661316 -0.15783073908509598 0.44095047073981 -0.07017924307908044
-97000.00245042617 0.000446559884620361 -0.15468552632923543 0.4412279731715854 -0.06880120815105523
-96800.00244537374 0.0004466239440643833 -0.15154389120925554 0.4415052689484854 -0.06742436430809662
-96600.00244032132 0.00044669198864416196 -0.14840291304504227 0.44178216583572694 -0.06604733657287315
-96400.00243526889 0.0004467641868245066 -0.14526325259070097 0.4420587920579476 -0.06467041822372004
-96200.00243021647 0.0004468401868597914 -0.1421200746750391 0.44233511247813256 -0.0632913964283544
-96000.00242516404 0.0004469220080027137 -0.13897726100390387 0.44261287292442664 -0.06191224401330518
-95800.00242011162 0.0004470083467545751 -0.13583605258610745 0.4428907116347492 -0.06053329345016578
-95600.00241505919 0.00044709693151346924 -0.13269482774011868 0.4431664809489359 -0.0591534980546059
-95400.00241000677 0.0004471919520781014 -0.12955209395043474 0.4434444200926944 -0.05777272965748559
-95200.00240495434 0.00044729187014709316 -0.12641028982322494 0.44372286259928057 -0.05639182836532264
-95000.00239990192 0.0004473956808419562 -0.12326872777223181 0.44400085407776935 -0.05501033370421379
-94800.00239484949 0.00044750310638613577 -0.12012623489886483 0.4442781824481409 -0.0536276684726978
-94600.00238979707 0.0004476153747963943 -0.11698716142559847 0.4445558354883165 -0.05224588871290663
-94400.00238474464 0.00044773298925996247 -0.11384481417820279 0.44483466820234924 -0.050862045151247134
-94200.00237969222 0.00044785149732152145 -0.11070240950487602 0.4451100834067656 -0.0494770381364012
-94000.0023746398 0.00044797984905899194 -0.10755760647430501 0.44539108769532365 -0.04809079084911974
-93800.00236958737 0.0004481095097219948 -0.10441720142573271 0.445668870218773 -0.04670536180364082
-93600.00236453494 0.00044824503930241647 -0.10127443226300652 0.4459482883584681 -0.04531820130342211
-93400.00235948252 0.0004483842882053876 -0.09813451063608768 0.44622696433152015 -0.043931380730956926
-93200.0023544301 0.000448529105350483 -0.09499361828890485 0.4465069110205343 -0.04254335150649609
-93000.00234937767 0.0004486757475487441 -0.09185049602612866 0.4467844482465443 -0.04115316808528062
-92800.00234432524 0.00044883012977900763 -0.08870874688882123 0.4470653111464106 -0.03976295973646721
-92600.00233927282 0.00044898736796021793 -0.08556894012861713 0.44734461816153004 -0.03837250564869367
-92400.0023342204 0.00044914832236437946 -0.08242554205222496 0.4476234358838737 -0.03697938791072819
-92200.00232916797 0.00044931602281666165 -0.07928278334398929 0.447904616080509 -0.03558571698806491
-92000.00232411554 0.0004494863891377377 -0.07614212349080608 0.448184042222761 -0.03419178727338153
-91800.00231906312 0.00044966233078217165 -0.0729984746805486 0.44846478749893237 -0.0327955194804502
-91600.0023140107 0.0004498428301667251 -0.06985680250528382 0.44874566605280525 -0.03139902946323779
-91400.00230895827 0.00045002740886784386 -0.06671488001217453 0.4490262723581926 -0.030001257713831803
-91200.00230390584 0.00045021677959058694 -0.06357294408517031 0.4493073060731885 -0.02860233092202917
-91000.00229885342 0.0004504103505241986 -0.060432188167890706 0.4495881403815268 -0.02720271838644163
-90800.002293801 0.00045060973615442977 -0.057287288775744384 0.44987052529782523 -0.02580009274060066
-90600.00228874857 0.0004508139406195972 -0.05414711639711491 0.4501532290735898 -0.024398348542265802
-90400.00228369614 0.000451021742280569 -0.05100418354000994 0.45043521943676784 -0.022994023152785537
-90200.00227864372 0.00045123349707814036 -0.047863663322461635 0.4507167235092361 -0.02158944266225915
-90000.0022735913 0.0004514511990185615 -0.04472431797985964 0.4509997633450742 -0.020184116477664063
-89800.00226853887 0.0004516728654824079 -0.04158005671602136 0.45128247287240764 -0.018775172203044616
-89600.00226348644 0.00045190005637397475 -0.03843735550862795 0.4515662720546766 -0.017365566315077283
-89400.00225843402 0.00045213036098775024 -0.03529803229508816 0.4518487240750539 -0.01595599820315735
-89200.0022533816 0.00045236635543040803 -0.032152843460848665 0.4521325461966866 -0.014542358649521858
-89000.00224832917 0.0004526081087907723 -0.029009928875363494 0.452417670092202 -0.013128287455071525
-88800.00224327674 0.000452852355243143 -0.025870925069817096 0.45270081557624176 -0.011714402497240234
-88600.00223822432 0.00045310276457117464 -0.022728374155045913 0.4529857379244605 -0.010297402540121403
-88400.0022331719 0.0004533573869162482 -0.019582885041682464 0.4532704608211382 -0.00887747816228246
-88200.00222811947 0.0004536180486893171 -0.01644261230928247 0.4535567300965251 -0.007458329628780014
-88000.00222306704 0.0004538843429963729 -0.01329844223980261 0.4538442091902497 -0.006035776812138405
-87800.00221801462 0.00045415379540498596 -0.010160222730889 0.45413035442989 -0.0046142243266107386
-87600.0022129622 0.0004544267635654525 -0.007020229562019733 0.45441556571277 -0.0031901539954799496
-87400.00220790977 0.0004547047301271114 -0.003876660903171522 0.45470131336642705 -0.0017627316345611987
-87200.00220285734 0.00045498925876287874 -0.0007328928504574021 0.4549891365682548 -0.00033345834493037074
-87000.00219780492 0.00045527846858937844 0.0024055791832133075 0.45527715128474155 0.0010952073503101012
-86800.0021927525 0.0004555717967054374 0.005547848309469978 0.45556478578761583 0.0025274302570116314
-86600.00218770007 0.0004558684852192425 0.008690770079399395 0.4558512695717395 0.003961798318947551
-86400.00218264764 0.0004561732426545713 0.011830520421161951 0.45614131974661526 0.005396640974020428
-86200.00217759522 0.000456481038868657 0.01497291484225813 0.45642987099820653 0.006834596342788518
-86000.0021725428 0.00045679365659452695 0.01811563094872318 0.4567187042674956 0.008274652694734652
-85800.00216749037 0.00045711251741828766 0.021259182610647482 0.45700922465723515 0.00971710649715754
-85600.00216243794 0.00045743594352336877 0.024396809424425323 0.45729981635293826 0.011158870493179693
-85400.00215738552 0.0004577625441989446 0.02753984649798233 0.4575889617385232 0.01260511668137336
-85200.0021523331 0.0004580946184111423 0.030683685867907245 0.4578789899040472 0.014053825874099271
-85000.00214728067 0.0004584328848443752 0.033829757407071726 0.4581705825344381 0.01550571529436226
-84800.00214222824 0.00045877832544425555 0.03696588421973186 0.45846490621442826 0.01695528434532388
-84600.00213717582 0.000459124274596306 0.040108109992714976 0.4587550365588817 0.018409670161175395
-84400.0021321234 0.0004594769453125353 0.04325182283255765 0.45904723591110014 0.01986701980965805
-84200.00212707097 0.00045983717466747655 0.04639537429753693 0.4593423566056284 0.021326664862445152
-84000.00212201854 0.0004601999653490741 0.04953460663005192 0.4596354896896932 0.022786503132444708
-83800.00211696612 0.0004605679090011608 0.05267645124548519 0.45992906286662827 0.02424986458367591
-83600.0021119137 0.00046094117154626073 0.0558181760872806 0.46022328795672907 0.025715537107690714
-83400.00210686127 0.0004613195114275216 0.05896184781966382 0.4605178551893375 0.027184493291940587
-83200.00210180884 0.0004617030005674319 0.06210598994249767 0.46081285695637164 0.02865609178999455
-83000.00209675642 0.00046209420956934503 0.06524871130119092 0.46111089987199017 0.030129662075125407
-82800.002091704 0.00046248793099021453 0.06838796258897058 0.46140684442729807 0.03160395904396421
-82600.00208665157 0.00046288760410735945 0.07153127473942876 0.4617038750842968 0.03308271101943755
-82400.00208159914 0.0004632916728572679 0.07467176481600186 0.46200064526832696 0.03456266642687235
-82200.00207654672 0.00046370350601911673 0.07781394843236393 0.46230034942889137 0.03604619830642357
-82000.0020714943 0.0004641198420982548 0.08095749081098656 0.4625997251388873 0.037532947269497324
-81800.00206644187 0.00046454019001410037 0.08409651126552337 0.46289849193805616 0.039020178110944104
-81600.00206138944 0.00046496506900182993 0.08724019610880812 0.4631968008108517 0.04051220939999001
-81400.00205633702 0.00046539723332571274 0.09038232546736179 0.4634976202116242 0.04200643814213317
-81200.0020512846 0.0004658330583296167 0.09352587736818396 0.46379720118235074 0.043503958534162404
-81000.00204623217 0.00046627791697737486 0.0966653412951664 0.46410111849749386 0.045002751806248825
-80800.00204117974 0.0004667248172615367 0.09980542255988142 0.46440219470664457 0.04650437183176105
-80600.00203612732 0.00046717646580142274 0.10294654534350133 0.4647030853285228 0.04800929790009012
-80400.0020310749 0.0004676367056927807 0.10609227183571279 0.4650074143911259 0.049519623105149985
-80200.00202602247 0.00046810215624150685 0.10923144304927508 0.4653123494344154 0.051029855396352075
-80000.00202097005 0.0004685712107918759 0.11237199459326552 0.4656158892862474 0.05254353649252794
-79800.0020159176 0.000469046007102081 0.11551546010605067 0.4659200523351411 0.054061646390253126
-79600.00201086518 0.00046952804122974865 0.11865606006644748 0.4662266136061979 0.05558170801929012
-79400.00200581276 0.00047001296318612863 0.12179727835995141 0.46653104902392617 0.057104867214976485
-79200.00200076033 0.0004705059247679121 0.12494179999143934 0.466838294205842 0.05863303083320766
-79000.0019957079 0.0004710037176989355 0.12808455680013112 0.4671454348930835 0.06016348348267728
-78800.00199065548 0.00047150742987703915 0.1312266296412707 0.46745347251211533 0.06169689996763207
-78600.00198560306 0.000472017672153668 0.13436897740141396 0.4677629348033052 0.06323384892260134
-78400.00198055063 0.0004725324424353349 0.13750986753432473 0.4680719283338425 0.06477328970911839
-78200.0019754982 0.00047305378599133644 0.14065359646644032 0.4683821810907765 0.06631754577322832
-78000.00197044578 0.000473580520982235 0.14379562327797707 0.4686927965867861 0.06786436680219328
-77800.00196539336 0.00047411527003079064 0.14693797374769982 0.46900621589889374 0.06941511884719191
-77600.00196034093 0.00047465195347413616 0.1500774680321437 0.4693166273799536 0.07096745875060805
-77400.0019552885 0.00047519631963224965 0.1532233305304283 0.46962904010085516 0.07252659433604003
-77200.00195023608 0.0004757481287346036 0.1563624582714493 0.4699441335256358 0.07408639118837099
-77000.00194518366 0.00047630430453425414 0.15950516474553175 0.4702580971068968 0.07565125658744808
-76800.00194013123 0.00047686754518672965 0.1626478903156145 0.470573831040079 0.07721997923258496
-76600.0019350788 0.0004774362465245491 0.16578746168872752 0.47088997830966484 0.07879084859914523
-76400.00193002638 0.00047801003312116327 0.16892986182540137 0.4712056802904975 0.08036665120847734
-76200.00192497396 0.0004785908338695574 0.17207193178010122 0.4715230606054506 0.08194626032484281
-76000.00191992153 0.00047917827127446234 0.17521272316384984 0.4718418026685594 0.08352920995715499
-75800.0019148691 0.0004797714793364084 0.17835509095220964 0.4721607919214711 0.08511673723031811
-75600.00190981668 0.0004803713026962168 0.1814983526833028 0.4724808865492349 0.08670870948012821
-75400.00190476426 0.0004809758538582705 0.1846380467640928 0.4728005948587353 0.088302715110683
-75200.00189971183 0.0004815877861429283 0.18778071099268576 0.4731219298598126 0.08990236508442595
-75000.0018946594 0.0004822061649170474 0.1909233407863443 0.4734442066534607 0.09150611274817629
-74800.00188960698 0.0004828295651275857 0.19406764893450654 0.4737658409997887 0.09311453626076016
-74600.00188455456 0.000483463012436699 0.1972091373325045 0.4740921548006775 0.09472651767492701
-74400.00187950213 0.0004840994277801211 0.2003494785893043 0.4744160291952976 0.09634151347994929
-74200.0018744497 0.0004847445822961199 0.2034905026138065 0.47474292152619435 0.09796156657696639
-74000.00186939728 0.00048539388087373206 0.20663320903067825 0.47506819935327405 0.09958627190984046
-73800.00186434486 0.00048604973648656917 0.20977512164425835 0.475394441454998 0.10121497602802579
-73600.00185929243 0.0004867141897462738 0.21291839274067578 0.4757233962177272 0.10284917496724595
-73400.00185424 0.00048738529784403937 0.2160588343759957 0.47605356383731645 0.10448652024214941
-73200.00184918758 0.0004880610038371396 0.21919847273218704 0.4763827059190249 0.10612756931063796
-73000.00184413516 0.0004887450333699914 0.22234153092458647 0.4767139796092325 0.1077751793733709
-72800.00183908273 0.0004894338334803013 0.22548330980281253 0.47704438555505935 0.10942637509128772
-72600.0018340303 0.0004901311367773722 0.2286274517155331 0.4773771344710035 0.11108376444347105
-72400.00182897788 0.0004908370461139499 0.2317683155825587 0.4777129159426311 0.11274473725835911
-72200.00182392546 0.0004915480969375824 0.23491124054919982 0.478047730675653 0.11441109561059724
-72000.00181887303 0.0004922646938420161 0.2380499662934416 0.47838266007377656 0.11607996960764345
-71800.0018138206 0.0004929886731752903 0.24119383702643055 0.47871837877780815 0.11775629791854111
-71600.00180876818 0.0004937214556238279 0.24433792198491106 0.4790567945814291 0.11943811497456693
-71400.00180371576 0.0004944596283465366 0.24747914286175673 0.4793949330326896 0.12112316973716544
-71200.00179866333 0.0004952067243986449 0.25062182887810797 0.47973566977301446 0.1228144414841867
-71000.0017936109 0.000495959202693215 0.25376010881394107 0.4800762623089606 0.12450828528072974
-70800.00178855848 0.0004967185809605417 0.2569026534914032 0.48041707628257496 0.1262092765511186
-70600.00178350606 0.0004974852847347605 0.260047731026439 0.480758688387472 0.12791673880920887
-70400.00177845363 0.000498261280806069 0.2631900452908426 0.4811036355373188 0.1296286844154451
-70200.0017734012 0.0004990438403460406 0.26632966564062455 0.48144924932939903 0.1313444894446758
-70000.00176834878 0.0004998319585456076 0.2694747429377298 0.48179345600643847 0.13306784935855137
-69800.00176329636 0.0005006299466007023 0.27261726361361294 0.4821414272175221 0.13479609636066187
-69600.00175824393 0.0005014343597390042 0.2757573386137739 0.4824898029100371 0.13652841174897873
-69400.00175319151 0.0005022472090770221 0.27889809022768164 0.48284006240092014 0.13826689107061582
-69200.00174813908 0.0005030676241968718 0.28204108681928985 0.4831911059030751 0.1400121055168027
-69000.00174308666 0.0005038943382398644 0.28517967636946584 0.48354261018775735 0.14176053133013217
-68800.00173803423 0.0005047295379480655 0.2883257354722941 0.4838949546817499 0.14351856782596062
-68600.00173298181 0.0005055722714398796 0.29146459049768836 0.4842492780816236 0.14527889842060904
-68400.00172792938 0.000506421224570102 0.29461035514786343 0.48460224587471284 0.14704801932792586
-68200.00172287696 0.000507282878903854 0.29775294949407516 0.48496148134960565 0.14882298490548507
-68000.00171782453 0.0005081477097742525 0.3008933340556074 0.4853177052107317 0.1506015270766111
-67800.00171277211 0.000509023256285031 0.30403465779681516 0.48567761409176713 0.15238743586380377
-67600.00170771968 0.0005099054073068868 0.3071775359169222 0.48603713929114856 0.1541798418421771
-67400.00170266726 0.0005107964724535588 0.31031541023826414 0.4863994557704545 0.15597629851103917
-67200.00169761483 0.0005116947010220806 0.31346079900655843 0.48676090419126666 0.15778241094930995
-67000.00169256241 0.0005126027988882449 0.3166038507270875 0.4871255462503255 0.1595942718846276
-66800.00168750998 0.0005135171994768802 0.3197415661791227 0.4874904434545548 0.1614093606302297
-66600.00168245756 0.0005144398352361806 0.3228849169815022 0.487855627293412 0.1632336699213127
-66400.00167740513 0.0005153733555110298 0.32602569592092484 0.4882248860021255 0.16506409742554512
-66200.00167235271 0.0005163119428666425 0.3291693681718448 0.48859176265788024 0.16690150331735398
-66000.00166730028 0.0005172623235704834 0.33231446147634436 0.48896281145406795 0.16874738635151953
-65800.00166224786 0.0005182199091068963 0.335452445055888 0.4893350895232028 0.17059614402464945
-65600.00165719543 0.0005191870100151716 0.33859674256703665 0.4897084570141854 0.172455149233879
-65400.00165214301 0.000520161732628632 0.3417359563288502 0.4900830299932971 0.17431824862535028
-65200.00164709058 0.0005211456844117093 0.34488122604984234 0.49045834124996424 0.1761914863984138
-65000.00164203816 0.0005221386484792014 0.3480236140543883 0.4908356930670796 0.17807046539796173
-64800.00163698573 0.0005231422237824751 0.35116590171116563 0.4912160515156089 0.17995715333792078
-64600.00163193331 0.0005241526243400215 0.35430507058192884 0.4915963586058068 0.18184882129956936
-64400.00162688088 0.0005251729023055709 0.35744766019744406 0.4919782450122301 0.18374978571618195
-64200.00162182846 0.0005262016664753743 0.3605906373072122 0.4923608975387603 0.18565812768712128
-64000.00161677603 0.0005272406290213628 0.3637297580380555 0.49274665923498795 0.18757241455928697
-63800.00161172361 0.0005282875605548299 0.3668717722445051 0.4931321351804324 0.18949523447665048
-63600.00160667118 0.0005293441221874655 0.37001638639411233 0.49351886361770714 0.19142709042323514
-63400.00160161876 0.0005304128386395895 0.3731567209434466 0.4939104546846944 0.19336556608368927
-63200.00159656633 0.0005314873653596021 0.3762998994174327 0.49429957624826615 0.19531192605080683
-63000.00159151391 0.0005325735310126373 0.379442480172609 0.4946922610429534 0.19726665404847088
-62800.00158646148 0.0005336691470383337 0.38258351025464027 0.49508660779446423 0.19922853531357632
-62600.00158140905 0.000534774873448153 0.38572859633728956 0.4954820520153227 0.20120064960673734
-62400.001576356626 0.0005358911862507436 0.3888684649487884 0.4958808344255883 0.20317864442556832
-62200.0015713042 0.0005370161130644822 0.3920097882471512 0.4962797323599917 0.20516513577988782
-62000.001566251776 0.00053815057993054 0.3951534121508315 0.49667936122401524 0.20716094905575422
-61800.00156119935 0.0005392966847071124 0.39829582415319637 0.49708231642102974 0.20916520943404004
-61600.001556146926 0.0005404526708855741 0.40143876986835647 0.4974865524871966 0.21117817018279694
-61400.0015510945 0.0005416199286883077 0.40458008716577176 0.49789374385094737 0.21319935972327558
-61200.00154604208 0.0005427961750397845 0.40772040000242676 0.49830160329899026 0.21522825044002955
-61000.00154098965 0.0005439817179535509 0.4108641136675158 0.49870940341596454 0.2172672097031424
-60800.00153593723 0.0005451794356782064 0.41400679669470075 0.49912066995079274 0.21931523867319236
-60600.0015308848 0.000546388480886003 0.41714911277282124 0.4995344158991848 0.22137239976377893
-60400.00152583238 0.0005476083358106871 0.42029078641565043 0.4999501633348285 0.22343841126992592
-60200.00152077995 0.0005488378704835877 0.42343117580799544 0.5003669632750349 0.2255125498500675
-60000.00151572753 0.000550079188339452 0.42657682988326 0.5007851845611955 0.22759901662397336
-59800.0015106751 0.0005513323003873857 0.429716199962156 0.5012073845530662 0.2296921050448214
-59600.00150562268 0.0005525954048089214 0.4328548792803723 0.5016305978451481 0.2317939272747564
-59400.00150057025 0.000553868334801095 0.43599789746371015 0.502053435026729 0.23390699150132285
-59200.00149551783 0.000555154612778397 0.43914191016651244 0.5024797801730158 0.23603117295478085
-59000.0014904654 0.0005564506865036346 0.4422839323604628 0.5029070468537644 0.2381635335965433
-58800.00148541298 0.0005577612866577072 0.4454279835611328 0.5033384842314339 0.24030818376756044
-58600.00148036055 0.0005590825908501949 0.44856698517860105 0.5037722648087171 0.2424599938160155
-58400.00147530813 0.0005604141805615693 0.45170839068378255 0.5042061500392956 0.2446225910194039
-58200.0014702557 0.0005617577585877728 0.45485243021154415 0.50464152707687 0.24679689723147463
-58000.00146520328 0.000563114679503129 0.45799625014206885 0.505080226511597 0.248982142048191
-57800.00146015085 0.0005644841286088639 0.4611370701129414 0.5055221346703461 0.25117663667157575
-57600.00145509843 0.0005658643559682358 0.4642790724877348 0.5059645659384964 0.25338178184316107
-57400.001450046 0.0005672586501735033 0.4674213014114774 0.5064106185400137 0.2555986338511724
-57200.00144499358 0.0005686644529167648 0.4705616953800175 0.5068584536574685 0.2578250724174886
-57000.00143994115 0.000570082382221848 0.4737063740800893 0.5073069638572933 0.26006454379948096
-56800.00143488873 0.0005715153850417396 0.4768456807861728 0.5077611902254764 0.2623135700649424
-56600.0014298363 0.0005729572955730659 0.47998833633622645 0.5082132980773073 0.2645738199591707
-56400.00142478388 0.0005744141831703479 0.4831300349138902 0.5086697199633987 0.26684596646682796
-56200.00141973145 0.0005758833779495643 0.4862744575841224 0.5091270159531689 0.2691307240454395
-56000.00141467903 0.0005773697361620103 0.4894148228726913 0.509591209890399 0.2714269902537857
-55800.0014096266 0.0005788641168396197 0.4925574875409074 0.5100524290346873 0.2737337856391281
-55600.00140457418 0.0005803751974482634 0.4956982240337304 0.5105193912607443 0.2760531125705157
-55400.00139952175 0.0005818995650997145 0.4988405450104565 0.5109880296468226 0.278385232045263
-55200.00139446933 0.0005834358872819796 0.5019820830348679 0.5114577387601281 0.28072836698646486
-55000.0013894169 0.0005849882423305778 0.5051253494200475 0.5119312969036696 0.28308583665656223
-54800.00138436448 0.0005865537582620909 0.5082672138973248 0.5124069719774502 0.2854547361671967
-54600.00137931205 0.0005881340412339914 0.5114102607204417 0.5128853388425431 0.287837245085823
-54400.00137425963 0.0005897282702024313 0.5145530798893103 0.5133659836160815 0.29023231994704657
-54200.0013692072 0.0005913372730030627 0.51769352347812 0.513850159141374 0.292639341840914
-54000.00136415478 0.0005929609540276507 0.5208373064762722 0.5143360123085702 0.2950612808280681
-53800.00135910235 0.0005945997827642549 0.5239790408639646 0.5148254269086143 0.2974956831143306
-53600.00135404993 0.0005962515765410517 0.527121643576533 0.5153155524894685 0.2999430344084746
-53400.0013489975 0.0005979209089698876 0.5302657761376209 0.5158100337729618 0.30240605556521627
-53200.00134394508 0.000599606574387072 0.5334062479557556 0.5163092869766644 0.30488155770700137
-53000.00133889265 0.0006013051261383331 0.5365483796713696 0.5168086299367478 0.30737061463831955
-52800.00133384023 0.0006030205806812006 0.539689687115348 0.5173121699135318 0.3098740705261502
-52600.0013287878 0.0006047503298829597 0.5428321678366527 0.5178169401876669 0.31239170595300836
-52400.00132373538 0.0006064975509158271 0.5459774923392705 0.5183250173949167 0.3149261113490838
-52200.00131868295 0.0006082608322088178 0.5491147640712237 0.5188385152561075 0.31747099881123225
-52000.00131363053 0.0006100396659591818 0.552260913528045 0.519351531277956 0.3200349684063171
-51800.0013085781 0.0006118360358269841 0.5554010376156215 0.5198703787194412 0.3226114134164867
-51600.00130352568 0.0006136478112965895 0.558542424370185 0.5203908051980992 0.3252030845093088
-51400.00129847325 0.0006154783843153049 0.5616890459340433 0.5209142573450722 0.327813938163114
-51200.00129342082 0.0006173247737663627 0.5648248995728478 0.5214433338358591 0.3304341476055943
-51000.001288368396 0.000619187350313778 0.5679685247934462 0.5219721415006577 0.3330736529445322
-50800.00128331597 0.0006210669048473961 0.5711094847204257 0.5225046699408402 0.33572752372532433
-50600.001278263546 0.0006229665089192506 0.5742535423191351 0.5230414463191222 0.3384005269904873
-50400.00127321112 0.0006248834082900565 0.5773931289926001 0.5235825802824401 0.34108731372037226
-50200.001268158696 0.0006268154315571397 0.5805356926959332 0.5241236059441832 0.3437906789461138
-50000.00126310627 0.0006287678325587572 0.5836798418690392 0.5246692500652781 0.34651286454701236
-49800.001258053846 0.0006307400477918759 0.5868220533860949 0.5252201176155324 0.3492518231025059
-49600.00125300142 0.0006327301436790766 0.5899647188557332 0.5257736348424604 0.3520078402886675
-49400.001247948996 0.0006347389355222336 0.5931055236163358 0.5263311635139005 0.35478024547880604
-49200.00124289657 0.0006367663161433524 0.5962488875880793 0.526890913358439 0.35757140097480633
-49000.001237844146 0.0006388128515281026 0.5993883833444267 0.5274555096605709 0.3603783353729426
-48800.00123279172 0.0006408790262468206 0.6025341386464806 0.5280215653390561 0.36320676318037615
-48600.001227739296 0.0006429647194280872 0.6056745110552556 0.5285930455387806 0.36605057387917794
-48400.00122268687 0.0006450711976425716 0.6088208383206123 0.5291667085951731 0.36891658209217537
-48200.001217634446 0.000647199728276736 0.611961052434025 0.5297478757231786 0.37179924212975557
-48000.00121258202 0.0006493457710404588 0.6151039168474683 0.5303294487923815 0.3747006886992559
-47800.001207529596 0.0006515151583181616 0.6182451382411154 0.5309176432941154 0.3776221094657485
-47600.00120247717 0.0006537030763669822 0.6213882938662345 0.531507030382657 0.38056272637433364
-47400.001197424746 0.0006559135398513133 0.6245307418003359 0.5321017205633944 0.38352357259203196
-47200.00119237232 0.0006581458510506995 0.6276716855693247 0.5327012978958803 0.38650393073718414
-47000.0011873199 0.0006604001705931211 0.6308129607237027 0.5333050283470113 0.389504983356076
-46800.00118226747 0.0006626759306450748 0.6339543057337388 0.53391239010333 0.3925263669493624
-46600.00117721505 0.000664971062104133 0.6370957283715617 0.5345215546061207 0.39556696158470406
-46400.00117216262 0.0006672915119216972 0.6402393014908903 0.5351363131909579 0.3986315193096672
-46200.0011671102 0.0006696347721774571 0.643384170123094 0.5357547977989123 0.4017182155996928
-46000.00116205777 0.0006720015962252138 0.6465259617884017 0.5363791957624959 0.40482527549847164
-45800.00115700535 0.0006743920678816977 0.6496690696926287 0.5370076332602738 0.407955221858909
-45600.00115195292 0.0006768073315200426 0.6528103048420424 0.5376421395489903 0.41110715608033976
-45400.0011469005 0.000679244808990907 0.6559505638984151 0.5382801319736898 0.4142801106298501
-45200.00114184807 0.0006817054817978669 0.659093727127616 0.5389206040260698 0.4174768813592412
-45000.00113679565 0.0006841914590946134 0.6622366353479697 0.5395663417469879 0.4206971779698416
-44800.00113174322 0.0006867040313612621 0.6653788261217133 0.540218367280618 0.42394167327649285
-44600.0011266908 0.0006892404182954771 0.6685220213096096 0.5408735702244364 0.42720970874360514
-44400.00112163837 0.0006918059829838626 0.671663830884492 0.5415369830327739 0.43050344261112417
-44200.00111658595 0.0006943926966728471 0.6748061190636141 0.5422013245357342 0.43381901855991045
-44000.00111153352 0.0006970093733380253 0.6779473347815027 0.5428739620933926 0.4371612148876985
-43800.0011064811 0.0006996500543842768 0.6810891394020466 0.5435493217635611 0.4405273355993864
-43600.00110142867 0.0007023186086721219 0.6842339664742941 0.5442291258976193 0.44392126172538576
-43400.00109637625 0.0007050158416654781 0.6873748596320689 0.544916864571064 0.4473398570497863
-43200.00109132382 0.0007077396206196245 0.6905171766679082 0.5456082996450745 0.4507848200119659
-43000.0010862714 0.0007104914093068376 0.6936595732361696 0.5463049451556086 0.4542564799728716
-42800.00108121897 0.0007132743421259755 0.6968047248697345 0.5470077620694368 0.4577584465316066
-42600.00107616655 0.0007160838320811594 0.6999448765531476 0.5477165527864984 0.46128367884818217
-42400.00107111412 0.0007189227804407312 0.7030868580699515 0.5484301984182518 0.4648379090602968
-42200.0010660617 0.0007217911720554976 0.7062305788025607 0.5491484813103178 0.46842122233287053
-42000.00106100927 0.0007246914902040692 0.7093712419166487 0.5498753011008415 0.47203274167525017
-41800.00105595685 0.0007276190499773156 0.7125125798973918 0.5506051240832909 0.47567160859474794
-41600.00105090442 0.0007305807483749331 0.7156555900274311 0.5513424512587347 0.4793430205354897
-41400.001045852 0.0007335719429517422 0.7187982165673285 0.5520845010157293 0.483042957949091
-41200.00104079957 0.0007365968047637027 0.7219429746713817 0.5528329491390107 0.486775701051686
-41000.00103574715 0.0007396542489424383 0.7250823594753186 0.5535903793335084 0.49053654286707815
-40800.00103069472 0.0007427436223636408 0.7282283393431176 0.5543501926684112 0.4943318242338418
-40600.0010256423 0.0007458669402862639 0.7313690345289292 0.555119478494869 0.4981564585625462
-40400.00102058987 0.0007490221605716094 0.7345101437814197 0.5558936542701592 0.5020123924461731
-40200.00101553745 0.0007522131644615446 0.7376530829262234 0.5566746161992226 0.5059031690637042
-40000.00101048502 0.0007554397540605518 0.7407963924222121 0.5574626600462333 0.509828014794445
-39800.00100543259 0.0007586999514476107 0.7439378127620204 0.5582572060030007 0.5137844959439026
-39600.001000380165 0.0007619946664757483 0.7470803558609082 0.5590571151655179 0.5177750609292568
-39400.00099532774 0.0007653282418270517 0.7502243307581807 0.5598651132049851 0.5218030018637833
-39200.000990275315 0.000768698205646145 0.7533668934314821 0.560680569709432 0.5258652204832619
-39000.00098522289 0.0007721061549112564 0.7565099622316108 0.5615033556498029 0.5299640516543136
-38800.000980170465 0.0007755505768686092 0.7596528596284937 0.5623324272081209 0.5340982480700118
-38600.00097511804 0.0007790374870689052 0.7627963139835525 0.5631714491033082 0.538272538007945
-38400.000970065616 0.0007825604621238949 0.765938055078444 0.5640166818069761 0.5424813909462813
-38200.00096501319 0.0007861224218116054 0.769078097624622 0.5648699431275095 0.5467269971622656
-38000.000959960766 0.0007897267420886974 0.772222647319585 0.565729939744358 0.5510153922050391
-37800.00095490834 0.0007933698042305308 0.7753659569318054 0.5665968829863717 0.5553409929538056
-37600.000949855916 0.0007970571225897069 0.7785091870365495 0.5674737500013167 0.5597084953173628
-37400.00094480349 0.0008007881725494539 0.7816512538431128 0.5683604276683676 0.5641171168788661
-37200.000939751066 0.0008045583420418174 0.7847922817260741 0.5692532464052977 0.5685638637884995
-37000.00093469864 0.0008083732662890695 0.7879347776164941 0.5701544364428672 0.5730543222552076
-36800.000929646216 0.0008122324815989929 0.7910781444559473 0.5710636360875603 0.5775880259345002
-36600.00092459379 0.000816138470807358 0.7942222300498909 0.571982302931114 0.5821668563782999
-36400.000919541366 0.0008200904238947417 0.7973643994803475 0.5729110298631771 0.5867889358406231
-36200.00091448894 0.0008240876982083755 0.8005047156975633 0.5738489853992793 0.5914540356566994
-36000.000909436516 0.0008281298922690832 0.8036466369247994 0.5747934849410157 0.5961640446546284
-35800.00090438409 0.0008322234871360902 0.8067910790917651 0.5757480699820353 0.6009243650018825
-35600.000899331666 0.0008363664154998091 0.8099341530355546 0.5767132196909923 0.6057314943187687
-35400.00089427924 0.0008405566597670442 0.8130777040356038 0.5776860380094015 0.6105852436537675
-35200.000889226816 0.0008448009045604875 0.8162195158518007 0.5786720706122932 0.6154894012405893
-35000.00088417439 0.0008490944569569796 0.8193628935102584 0.5796656512074871 0.6204426884453293
-34800.000879121966 0.0008534415759159486 0.8225062255558837 0.5806702550394313 0.6254475025246641
-34600.00087406954 0.000857840599349504 0.8256458420130266 0.5816866315725358 0.6305007189068963
-34400.000869017116 0.000862292432503885 0.8287889915742193 0.5827104138465773 0.6356074360391151
-34200.00086396469 0.0008667996130622122 0.8319319980640757 0.5837451761181702 0.6407676166626769
-34000.000858912266 0.0008713658380372868 0.8350753237565632 0.5847926476020905 0.6459845067870903
-33800.00085385984 0.0008759871449603261 0.838219285030823 0.5858494840119445 0.6512556028309329
-33600.000848807416 0.000880667877938764 0.8413605915773713 0.5869202734272019 0.6565824425563817
-33400.00084375499 0.0008854051780949493 0.8445032322616784 0.5880000300101276 0.661965478031474
-33200.00083870257 0.0008902046395504492 0.8476467942600966 0.5890922385589782 0.6674088962148444
-33000.00083365014 0.0008950644313480708 0.850788126236765 0.5901972847129637 0.6729097275132009
-32800.00082859772 0.0008999845698324237 0.8539309985076452 0.5913121568598831 0.6784704555735391
-32600.00082354529 0.000904972198981729 0.8570766028354196 0.592440187494966 0.6840974383600305
-32400.000818492867 0.0009100222884766787 0.8602180436882032 0.5935822491342151 0.6897830666500142
-32200.00081344044 0.0009151374607355259 0.8633612966819676 0.594735438868188 0.6955331263108394
-32000.000808388017 0.0009203209583185971 0.866504841265963 0.5959023483941055 0.7013494546221954
-31800.00080333559 0.0009255730633399745 0.8696471067555138 0.5970836970836624 0.7072316128804267
-31600.000798283167 0.0009308932132106992 0.8727904684895649 0.5982768796727322 0.7131808674177956
-31400.00079323074 0.0009362861858836463 0.8759335935915804 0.5994853239915725 0.7192003672101852
-31200.000788178313 0.0009417497852849851 0.8790758879256714 0.6007074573778256 0.7252883624703925
-31000.000783125888 0.0009472883983969799 0.88221860597865 0.6019445719701366 0.7314492750787331
-30800.000778073463 0.0009528994533788354 0.8853603912647159 0.6031954053314175 0.7376806024539009
-30600.00077302104 0.0009585881623215491 0.8885034443127637 0.6044610138560986 0.7439880023703755
-30400.000767968613 0.0009643537050943377 0.8916465947524836 0.6057410855421819 0.7503704457235479
-30200.00076291619 0.0009701990024186748 0.8947907747186262 0.6070360931381438 0.7568310814982233
-30000.000757863763 0.0009761277642577648 0.8979338191812969 0.6083493102016964 0.7633718156520992
-29800.00075281134 0.0009821367032445568 0.9010762809087216 0.6096775918885695 0.769990738781345
-29600.000747758913 0.0009882315895904182 0.9042194428311948 0.6110228422651681 0.7766934793691783
-29400.00074270649 0.0009944108458769029 0.9073623292209314 0.6123841162314585 0.783478541240941
-29200.000737654063 0.0010006779262469545 0.910505907698538 0.613762058468774 0.7903495730764194
-29000.00073260164 0.001007034612132378 0.913649120994344 0.6151578427853046 0.7973076811948692
-28800.000727549213 0.0010134835781865574 0.9167916633209064 0.6165725911066163 0.8043551474006375
-28600.00072249679 0.0010200251342956429 0.9199355841595623 0.6180040609792192 0.8114938417560773
-28400.000717444364 0.0010266616623619384 0.9230781207817081 0.6194551353755974 0.8187243151516752
-28200.00071239194 0.001033396128309646 0.9262232383049902 0.6209235442953879 0.8260517599672672
-28000.000707339514 0.0010402303478322273 0.9293648247053612 0.6224145790914407 0.8334742157293056
-27800.00070228709 0.0010471657586502638 0.9325084229141787 0.6239236654436424 0.8409966621746797
-27600.000697234664 0.001054203281715249 0.9356511873484947 0.6254528568737225 0.8486184554955776
-27400.00069218224 0.001061347274809925 0.9387951229833891 0.6270021580591238 0.8563447503988427
-27200.000687129814 0.0010685987539968543 0.941937912088432 0.6285732342207326 0.8641753214857029
-27000.00068207739 0.0010759629089405489 0.9450824703441835 0.6301656903856143 0.8721166115128354
-26800.000677024964 0.001083439344520129 0.948224375424763 0.6317821845765439 0.8801659414598457
-26600.00067197254 0.0010910294739337632 0.9513684690506156 0.6334183392908237 0.888327935191863
-26400.000666920114 0.0010987383213501849 0.9545117662216885 0.6350787056448344 0.8966052288716055
-26200.00066186769 0.0011065679953471104 0.9576558491010896 0.636762067744948 0.9050009930423838
-26000.000656815264 0.0011145225509573888 0.9607993686961573 0.638470924162635 0.9135181419060467
-25800.00065176284 0.0011226013792725983 0.9639420877887708 0.6402040894036822 0.9221564838223187
-25600.00064671041 0.0011308109601749475 0.9670867720801424 0.6419616184695986 0.93092357799321
-25400.000641657985 0.0011391520894739099 0.9702298638574127 0.6437461288530415 0.9398182827225154
-25200.00063660556 0.0011476288920882647 0.9733736586776159 0.6455566720283941 0.948845960709831
-25000.000631553135 0.0011562441275744359 0.976517903993282 0.6473938468256274 0.9580092325456393
-24800.00062650071 0.0011650015239035594 0.9796602158559297 0.6492608299558096 0.9673101495294614
-24600.000621448286 0.0011739046391366246 0.9828046791676631 0.6511544324697189 0.9767548345728968
-24400.00061639586 0.0011829548660834482 0.9859490193508436 0.6530763466795417 0.9863435003071758
-24200.000611343436 0.0011921609721323298 0.9890939900677577 0.6550293687488871 0.9960844891634124
-24000.00060629101 0.0012015216104809606 0.9922358571795391 0.6570151530954903 1.0059747854969678
-23800.000601238586 0.0012110403919922451 0.995379694359626 0.6590292626986763 1.0160212901034948
-23600.00059618616 0.0012207272914954998 0.9985238029707478 0.6610774105617162 1.0262318341617331
-23400.000591133736 0.0012305785704391406 1.0016664752219313 0.6631578880250149 1.0366027366229749
-23200.00058608131 0.0012406047075900267 1.0048122363448593 0.6652701906169862 1.0471464147725351
-23000.000581028886 0.0012508089082332796 1.0079562325976006 0.6674195464941024 1.0578629749988113
-22800.00057597646 0.0012611938141527698 1.0110998581945587 0.6696043767665474 1.068756200202972
-22600.000570924036 0.0012717655617132601 1.0142435589655596 0.6718258801533674 1.0798322234106543
-22400.00056587161 0.0012825293993498359 1.0173867263528342 0.6740858493462121 1.0910957464438429
-22200.000560819186 0.0012934873748090283 1.0205302943377363 0.6763826695610085 1.1025498052731564
-22000.00055576676 0.00130464777027076 1.023675473300274 0.6787175917556745 1.1142029595696843
-21800.000550714336 0.0013160176417876712 1.0268216741165923 0.6810931069635497 1.1260615494470636
-21600.00054566191 0.0013276004087789486 1.029963842633078 0.6835148611072634 1.1381257751389122
-21400.000540609486 0.001339400247903112 1.0331081201137748 0.685976213527852 1.1504041283639888
-21200.00053555706 0.0013514266868133577 1.0362532586890632 0.6884814903634475 1.1629046939703422
-21000.000530504636 0.0013636849163672887 1.039397166896703 0.6910337641165958 1.1756312721166056
-20800.00052545221 0.001376180535912912 1.0425422818303358 0.6936309759790718 1.1885911561962212
-20600.000520399786 0.0013889219129235633 1.0456859408838635 0.6962783902183005 1.201790532295151
-20400.00051534736 0.001401915353858125 1.0488309600621664 0.6989736303147287 1.2152376407550094
-20200.000510294936 0.0014151673579794472 1.051975043680606 0.7017204704995289 1.2289373590108037
-20000.00050524251 0.0014286873491391645 1.055119432802195 0.7045197804382709 1.2428996019636918
-19800.000500190083 0.0014424813562380527 1.0582642404770535 0.7073720045661491 1.2571305859975088
-19600.000495137658 0.0014565580593889293 1.0614084211365915 0.7102802740119372 1.271638043124053
-19400.000490085233 0.0014709304612216655 1.0645558603811949 0.7132434316105496 1.286437028779174
-19200.000485032808 0.0014856041707316337 1.0676988021773444 0.7162715241349751 1.3015278928277274
-19000.000479980383 0.0015005849946566538 1.07084356147856 0.7193565657306777 1.31692120399395
-18800.000474927958 0.00151588831005876 1.0739887585234154 0.722504926654276 1.3326304812411816
-18600.000469875533 0.001531520708341117 1.077133378610958 0.7257182295131767 1.348661829900267
-18400.000464823108 0.001547495563056597 1.0802790063321546 0.7289977288789379 1.3650292410674598
-18200.000459770683 0.001563824019427801 1.0834237145329577 0.732348227385452 1.3817422471592558
-18000.000454718258 0.0015805160781678905 1.0865689842180608 0.7357692252242571 1.3988118960604052
-17800.000449665833 0.0015975816482556248 1.0897132766926667 0.7392642361072177 1.4162469813051575
-17600.000444613408 0.00161503703340289 1.0928600551921914 0.7428325315853238 1.4340657060544146
-17400.000439560983 0.0016328956661436989 1.096005310231176 0.7464824825602734 1.4522782652582544
-17200.000434508558 0.0016511690338769198 1.0991516590729253 0.7502119624409678 1.4708980895509087
-17000.000429456133 0.0016698751676799066 1.1022975637165373 0.7540276572211052 1.4899413974313378
-16800.000424403708 0.00168902481632949 1.1054426497279513 0.7579311340695247 1.5094188372300616
-16600.000419351283 0.0017086356750280114 1.1085882979955433 0.761924273864514 1.5293486426823877
-16400.00041429886 0.001728725079373596 1.1117345113739054 0.7660106143269635 1.5497477661844439
-16200.000409246433 0.0017493098197704482 1.1148804606981486 0.7701945524740403 1.5706321010614264
-16000.000404194008 0.001770410392813873 1.1180264917489147 0.7744801052410327 1.5920218357702294
-15800.000399141583 0.0017920414300071034 1.1211719571932046 0.7788700710980572 1.613931194075389
-15600.000394089157 0.0018142265806564129 1.1243184113678935 0.7833674205416081 1.6363842978940633
-15400.000389036732 0.0018369863012926001 1.1274656857720669 0.7879761924187385 1.659401154428288
-15200.000383984307 0.0018603446552060488 1.1306116104122295 0.7927050991216728 1.6830035240546026
-15000.000378931882 0.001884319575013551 1.1337574809977595 0.7975542624850858 1.7072104320121524
-14800.000373879457 0.0019089436922357084 1.1369050775109233 0.8025288043041293 1.7320547157606436
-14600.000368827032 0.0019342377671997407 1.1400524154763754 0.8076349389288623 1.7575555597144605
-14400.000363774607 0.001960232058871739 1.143198202503609 0.8128815350999121 1.783741386670766
-14200.000358722182 0.001986951537065448 1.1463455600984376 0.8182670710012478 1.8106395033693992
-14000.000353669757 0.0020144326816290033 1.1494927662900405 0.8238029964448881 1.8382838877233951
-13800.000348617332 0.0020427040431567687 1.152640379871672 0.829493038500662 1.8667032723515404
-13600.000343564907 0.0020718003015025533 1.155787991601791 0.8353448223183031 1.8959313060161416
-13400.000338512482 0.0021017609955788835 1.158935972080906 0.841366047870798 1.9260068681152236
-13200.000333460057 0.0021326212443614555 1.1620840642706909 0.8475633680882922 1.9569644117808154
-13000.000328407632 0.002164422197502119 1.1652317765154223 0.8539458895550343 1.988843851777198
-12800.000323355205 0.0021972098282354983 1.1683804857943805 0.8605204000937583 2.0216912895685004
-12600.00031830278 0.00223102727493847 1.171528604938531 0.8672979429559788 2.055547853897764
-12400.000313250355 0.002265926064552528 1.1746774671958051 0.8742863885407899 2.0904650776396174
-12200.00030819793 0.002301956297325457 1.1778260257545892 0.8814973150014564 2.1264913069282816
-12000.000303145505 0.0023391753107945713 1.1809753475652498 0.8889400240460223 2.1636836109468356
-11800.00029809308 0.002377641747162051 1.1841240993030022 0.8966287433966551 2.202098357104593
-11600.000293040655 0.0024174196780023444 1.1872731620620192 0.9045742670853281 2.241799120108668
-11400.00028798823 0.0024585728172661922 1.1904225052140562 0.9127884252850413 2.282848568886223
-11200.000282935805 0.002501177648557609 1.1935726229895964 0.921285763850848 2.325321949960893
-11000.00027788338 0.0025453136473590587 1.1967227860831693 0.9300838097041164 2.3692964505014036
-10800.000272830956 0.00259105906104091 1.1998733000989588 0.9391963117854911 2.4148493422428516
-10600.00026777853 0.0026385089057161686 1.203024179109416 0.948642760178062 2.4620735486790966
-10400.000262726106 0.002687754512853982 1.2061746036639542 0.9584422704937736 2.5110580908249984
-10200.00025767368 0.002738899736239803 1.2093261907623665 0.9686112007998273 2.561906342327833
-10000.000252621256 0.0027920608311211063 1.2124780561053017 0.9791752050594775 2.6147312677362113
-9800.000247568829 0.0028473549788956766 1.2156296992845526 0.9901580075216891 2.669647447881963
-9600.000242516404 0.002904912601906672 1.2187815448919688 1.0015840646462304 2.7267831938316855
-9400.000237463979 0.0029648764696509444 1.2219343123728705 1.0134795522127162 2.786279181549573
-9200.000232411554 0.0030274002607620005 1.2250866574555008 1.0258783074104212 2.8482847535396734
-9000.000227359129 0.0030926443212845075 1.2282399291717954 1.03880702890957 2.9129587801171137
-8800.000222306704 0.0031608005736636123 1.2313941544317546 1.0523045615344722 2.9804891169480827
-8600.000217254279 0.0032320620497386407 1.2345479938402093 1.0664119305631226 3.051063861624889
-8400.000212201854 0.0033066422268936456 1.2377023946632555 1.0811677285810486 3.124893463680172
-8200.00020714943 0.003384782432613451 1.2408576862215928 1.096618665922096 3.2022147988040826
-8000.000202097004 0.003466743146029506 1.2440135517187152 1.112816665221327 3.2832829774706056
-7800.000197044578 0.00355280829342182 1.247169363734018 1.1298190645699224 3.368375817978334
-7600.000191992153 0.0036432917989879794 1.2503259299165936 1.1476844367719519 3.457802129411762
-7400.000186939728 0.00373854587131457 1.2534832308787975 1.1664821046559735 3.5519071963440414
-7200.000181887303 0.0038389545684992185 1.2566413102202971 1.1862866897104776 3.6510677984415434
-7000.000176834878 0.003944950930561208 1.2598001849798812 1.2071831683599306 3.755708540683664
-6800.000171782453 0.00405700910480616 1.262959463756076 1.2292652244179105 3.8662940763109144
-6600.0001667300285 0.0041756649657410045 1.26611924063831 1.2526374776436384 3.9833500041697825
-6400.000161677603 0.004301516452103079 1.2692803525471734 1.277413305733688 4.107463820175169
-6200.000156625178 0.004435240476757951 1.2724420615373035 1.303728190315713 4.239298396250046
-6000.000151572753 0.004577595757350603 1.275604441245653 1.3317299104923679 4.379597968217428
-5800.000146520328 0.004729446675222481 1.2787681862188875 1.3615844712329503 4.529211143396857
-5600.000141467903 0.00489177478546474 1.2819324074176721 1.3934875901030814 4.689099368528813
-5400.000136415478 0.005065698579494059 1.2850982321550752 1.427652241352752 4.860361218680006
-5200.000131363053 0.005252511180652652 1.2882651593365562 1.4643336883381672 5.044264123941078
-5000.000126310628 0.005453695206376135 1.2914326133865301 1.5038241998597224 5.242261361279719
-4800.000121258202 0.005670973046308835 1.2946020836242194 1.5464523052956514 5.456044405923312
-4600.000116205777 0.005906360502433421 1.2977721110734293 1.5926197720313 5.6875879462598675
-4400.000111153352 0.006162212936167434 1.3009439367259519 1.6427792420477132 5.939204040321093
-4200.000106100927 0.006441326017612239 1.3041170473679264 1.697479798873074 6.213633654922551
-4000.000101048502 0.006747020035982873 1.3072913314213697 1.7573703883714868 6.5141329955742675
-3800.0000959960767 0.007083281852164133 1.3104665233244928 1.8232314835563757 6.844611658419093
-3600.0000909436517 0.007454935808440371 1.3136432219921952 1.8960011718443104 7.209802179278673
-3400.0000858912267 0.007867889784995509 1.3168207732405681 1.9768384434456565 7.615497320421826
-3200.0000808388013 0.008329432673657211 1.3199986574837128 2.067171548349841 8.068844431185994
-3000.0000757863763 0.008848681945148935 1.3231764463220013 2.1687865781453817 8.578784118093964
-2800.0000707339514 0.009437198178120925 1.326353118238308 2.2839541155870244 9.156651301159282
-2600.0000656815264 0.010109847276274913 1.3295269995560042 2.415600204272372 9.817020301635448
-2400.000060629101 0.01088609234082823 1.3326952889967085 2.5675683188683163 10.578969674830475
-2200.000055576676 0.01179190926541364 1.335853884666567 2.7450032914917886 11.467958887851285
-2000.000050524251 0.012862769143729176 1.3389955675075071 2.9549702807337934 12.518745172134922
-1800.0000454718258 0.014148434634382949 1.3421089151660888 3.2074402888994853 13.780077263809204
-1600.0000404194006 0.0157209733489502 1.3451729499761769 3.5170015612659675 15.32252273799766
-1400.0000353669757 0.01768886845579448 1.3481512370513253 3.9058824573839415 17.252250562622294
-1200.0000303145505 0.020223460738086865 1.35097325423042 4.409866301135614 19.73680428618193
-1000.0000252621255 0.023612416079916893 1.3534963444755241 5.090692645777124 23.057125612646267
-800.0000202097003 0.02837932420623556 1.3554020657520844 6.065586619467011 27.72354056328972
-600.0000151572752 0.03559052717538835 1.3558780567969053 7.5903055769070935 34.77172537955558
-400.00001010485016 0.04781713677404851 1.352365475003022 10.361879210552058 46.680938599111215
-200.00000505242508 0.07333553499262706 1.3328946263893175 17.282541599336753 71.27001086377089
0.0 0.1672491755839911 1.192040144894718 61.84290694826632 155.39543620619224
200.00000505242508 0.5089964618004172 0.23076071204595527 495.5043338069172 116.41672261280465
400.00001010485016 0.16831866487039676 -1.5741591241665052 -0.5660204970191458 -168.31771316338006
600.0000151572752 0.07780700102650365 -1.7021061407899265 -10.18748793544265 -77.137179740405
800.0000202097003 0.05027074028782482 -1.7315078224032419 -8.04435272159316 -49.62293540669002
1000.0000252621255 0.037091401510006825 -1.7412599206085067 -6.292157232093679 -36.553807234584305
1200.0000303145505 0.02938188313469365 -1.744392352073542 -5.074998553890518 -28.94027377580945
1400.0000353669757 0.024326334341608122 -1.744697420460574 -4.209086147468872 -23.95942687759639
1600.0000404194006 0.02075653026963348 -1.7436120770207304 -3.5692272560093024 -20.44735106631593
1800.0000454718258 0.01810159069524587 -1.7417737318211672 -3.0799057130563123 -17.837650251557655
2000.000050524251 0.01604974612092653 -1.739497074705315 -2.694779394490789 -15.821899840449754
2200.000055576676 0.014416398365159167 -1.7369511174692032 -2.3843472696736416 -14.217856024048205
2400.000060629101 0.013085307242030787 -1.7342313973523602 -2.129090129344798 -12.910934932818378
2600.0000656815264 0.011979639649326673 -1.7313958533984155 -1.9156647389697836 -11.825480740146995
2800.0000707339514 0.011046572237073454 -1.7284807203162176 -1.7346625878874011 -10.909523541157322
3000.0000757863763 0.010248593656021515 -1.7255089702656854 -1.5792691466711897 -10.126182937741985
3200.0000808388013 0.009558337728499934 -1.7224963446687644 -1.4444449502622356 -9.448565971496796
3400.0000858912267 0.00895536268439762 -1.719453791288956 -1.326383584448102 -8.856592312848546
3600.0000909436517 0.008424090471345349 -1.716388517797651 -1.2221534055892356 -8.334964986286273
3800.0000959960767 0.007952446744562263 -1.7133061982886413 -1.1294700061462197 -7.871829948005418
4000.000101048502 0.00753092439359167 -1.7102105595578203 -1.046520258063818 -7.457856097529377
4200.000106100927 0.007151938238533768 -1.7071045257458528 -0.9718517950289315 -7.0855998092116765
4400.000111153352 0.006809356516213076 -1.7039905410008336 -0.9042875637973451 -6.749044389160212
4600.000116205777 0.006498176056118548 -1.7008699510666034 -0.8428598658346248 -6.443281718416295
4800.000121258202 0.006214268164916693 -1.697744445953761 -0.7867724276491037 -6.164261348498149
5000.000126310628 0.005954199734588354 -1.6946144691553633 -0.7353556363136557 -5.90861629889044
5200.000131363053 0.0057150935282476506 -1.6914814476434759 -0.6880536719820746 -5.6735241412274044
5400.000136415478 0.005494505952855053 -1.6883454418128263 -0.644387913114906 -5.456588667234413
5600.000141467903 0.005290375523513109 -1.6852076067590935 -0.6039589888684481 -5.255787925663629
5800.000146520328 0.005100922517520798 -1.682067785534938 -0.5664165664228299 -5.069376963990002
6000.000151572753 0.004924622776843302 -1.6789263240627852 -0.531462381394318 -4.895861234896932
6200.000156625178 0.004760154047139505 -1.675783613383835 -0.4988380843325634 -4.733944139733593
6400.000161677603 0.004606363388165341 -1.6726401899736978 -0.46831928052861715 -4.58249503167382
6600.0001667300285 0.004462245175349803 -1.6694959817198842 -0.43970733635320913 -4.440528061310925
6800.000171782453 0.004326915997035234 -1.6663505638879457 -0.41282626112263565 -4.3071773266870395
7000.000176834878 0.004199596986323593 -1.663204976745911 -0.3875269992062579 -4.181678810289523
7200.000181887303 0.004079597994397417 -1.660059051217391 -0.3636726350166619 -4.063356003407954
7400.000186939728 0.003966308252828115 -1.656912703376418 -0.34114207670703955 -3.951610208503924
7600.000191992153 0.0038591769526298545 -1.653766693107351 -0.31983007443238765 -3.8459011265499305
7800.000197044578 0.0037577184675272207 -1.6506194868710884 -0.29963452732822116 -3.7457532261519733
8000.000202097004 0.0036614962030252704 -1.6474723626600982 -0.2804739977618892 -3.650738114593806
8200.00020714943 0.0035701148567113083 -1.6443250864764742 -0.26226964232206673 -3.5604683294234007
8400.000212201854 0.003483217368036906 -1.6411779963849267 -0.24495230519030053 -3.4745937318161255
8600.000217254279 0.003400482725624064 -1.6380306874092694 -0.22845706920762587 -3.3927997487026444
8800.000222306704 0.003321622641586185 -1.6348831161207493 -0.2127264452629306 -3.3148038301811744
9000.000227359129 0.003246368958901864 -1.631735911930525 -0.19770995414449144 -3.240342912618008
9200.000232411554 0.0031744795986467693 -1.6285886277788741 -0.1833583726788307 -3.169179772337493
9400.000237463979 0.0031057355686560247 -1.6254414174150524 -0.16962875116737752 -3.101099725773513
9600.000242516404 0.003039937148852587 -1.6222936490065616 -0.15647943821409094 -3.035907122161381
9800.000247568829 0.0029768974422300213 -1.6191467880449057 -0.1438782901435992 -2.973418473605926
10000.000252621256 0.002916448582254572 -1.615999361970438 -0.1317874366224937 -2.91346947890023
10200.00025767368 0.002858434728599113 -1.6128521070108528 -0.12017826907273521 -2.8559072606273763
10400.000262726106 0.0028027109658633593 -1.6097050627736647 -0.10902242814717422 -2.800589735811302
10600.00026777853 0.002749144190758588 -1.6065586007014272 -0.09829469225896448 -2.74738638255623
10800.000272830956 0.0026976135735211145 -1.603410913421573 -0.08796595458060064 -2.6961789597280226
11000.00027788338 0.002648006242841757 -1.6002642235121773 -0.0780198818091482 -2.6468566187406912
11200.000282935805 0.002600214086305714 -1.5971175859008444 -0.06843300622772552 -2.5993134128614224
11400.00028798823 0.002554143846605149 -1.593970408843633 -0.05918464133256607 -2.5534580410457663
11600.000293040655 0.00250970092175503 -1.590824302246275 -0.05026086818905595 -2.509197593213203
11800.00029809308 0.002466802504358865 -1.5876769162503368 -0.041639102737757394 -2.466451049713812
12000.000303145505 0.0024253709289214797 -1.5845305491175026 -0.03330953633955369 -2.425142185037052
12200.00030819793 0.0023853292873010578 -1.5813846734111723 -0.025256221356246833 -2.385195575238847
12400.000313250355 0.002346613988469039 -1.5782383185285525 -0.017463320707343133 -2.3465490072249593
12600.00031830278 0.0023091556872423744 -1.5750918831715075 -0.00991907793270741 -2.309134383230384
12800.000323355205 0.002272896535205137 -1.57194581934846 -0.0026126770668684074 -2.272895033578555
13000.000328407632 0.0022377817095483193 -1.5687996201793695 0.004468190574567821 -2.2377772487139973
13200.000333460057 0.0022037565631895933 -1.5656533638305001 0.011333788423629643 -2.203727418498299
13400.000338512482 0.00217077151256817 -1.562507192135021 0.017993611325748116 -2.170696936407512
13600.000343564907 0.002138781768444158 -1.5593606883857454 0.02445780185849261 -2.138641921630961
13800.000348617332 0.0021077407546794135 -1.5562151946235627 0.030732157508868152 -2.107516695884375
14000.000353669757 0.00207760836858619 -1.553069364410221 0.036827756505041775 -2.0772819379107346
14200.000358722182 0.0020483452047878586 -1.549923882539619 0.042750866811909316 -2.047899031047245
14400.000363774607 0.002019915355822136 -1.546778551339596 0.04850920935612091 -2.0193327861681714
14600.000368827032 0.0019922815351807372 -1.5436321151465833 0.054112101875624374 -1.9915465336900158
14800.000373879457 0.0019654161599365508 -1.540486683922403 0.05956194125369463 -1.9645134402426034
15000.000378931882 0.0019392819155346472 -1.5373425552856754 0.06486419366843144 -1.938196838378258
15200.000383984307 0.0019138524760743771 -1.5341964537983337 0.07003112007531731 -1.9125707679448154
15400.000389036732 0.001889100127740957 -1.5310506810101436 0.07506373765042745 -1.8876082029703218
15600.000394089157 0.0018650002582760081 -1.5279054203736224 0.07996702800147715 -1.863285066167329
15800.000399141583 0.0018415227040546969 -1.5247612473568257 0.08474470433331316 -1.8395717449005304
16000.000404194008 0.0018186480226332665 -1.521615560078478 0.0894064520238208 -1.8164490404534896
16200.000409246433 0.0017963515327988199 -1.5184709050685614 0.09395196519705518 -1.7938929337126788
16400.00041429886 0.001774613387396019 -1.5153264579168058 0.09838709914205096 -1.771883927758132
16600.000419351283 0.00175341048144432 -1.5121817070523815 0.10271664822481619 -1.7503992706283504
16800.000424403708 0.0017327273774311676 -1.5090370486368008 0.10694397737346029 -1.7294239359402417
17000.000429456133 0.0017125405950502812 -1.505891519042262 0.11107409399322399 -1.7089347077459558
17200.000434508558 0.001692837990717984 -1.5027467738997968 0.11510798115266568 -1.6889199553244252
17400.000439560983 0.0016735989529157867 -1.4996016022234557 0.1190507850942224 -1.6693592680334772
17600.000444613408 0.0016548088827021538 -1.4964582315872113 0.12290207132147812 -1.650238624906968
17800.000449665833 0.0016364515443717574 -1.4933126271550605 0.12667148100723113 -1.6315416001365532
18000.000454718258 0.0016185119108609433 -1.4901691840405098 0.13035465016788222 -1.6132540007011764
18200.000459770683 0.0016009770932336577 -1.4870226649678595 0.13396289269134481 -1.5953625282175394
18400.000464823108 0.0015838363075303637 -1.483878732995622 0.1374899729352183 -1.5778573941879823
18600.000469875533 0.0015670733225005243 -1.480734344085278 0.14094301477642202 -1.5607222253426667
18800.000474927958 0.0015506767873610869 -1.477590888468731 0.1443223368962256 -1.5439461007215614
19000.000479980383 0.0015346328086315111 -1.4744474647017032 0.1476314642020159 -1.527515239893144
19200.000485032808 0.001518932794764572 -1.4713025007830896 0.15087522791327573 -1.5114210203028906
19400.000490085233 0.0015035650480319641 -1.4681583148032782 0.1540521160516135 -1.495652298899508
19600.000495137658 0.00148852192132005 -1.4650129848047204 0.1571673202623718 -1.480201318636042
19800.000500190083 0.0014737903087234776 -1.4618705917131487 0.16021643055741297 -1.4650558246929313
20000.00050524251 0.00145935799685205 -1.4587257864208667 0.1632088926871551 -1.4502029583213036
20200.000510294936 0.0014452259543833047 -1.45558059120738 0.16614461563668037 -1.4356441153426824
20400.00051534736 0.0014313755545467116 -1.452437667003246 0.16902041828388642 -1.4213613461597463
20600.000520399786 0.001417801780124763 -1.4492926884809596 0.17184451801660539 -1.40734905029015
20800.00052545221 0.0014044988438893756 -1.4461490786976325 0.17461393396279495 -1.3936021586351783
21000.000530504636 0.001391455164941443 -1.4430058840178572 0.17733110260701435 -1.3801091102120873
21200.00053555706 0.0013786653173761185 -1.4398612115038032 0.18000035057030594 -1.3668642694614417
21400.000540609486 0.0013661220765474964 -1.4367182478152167 0.1826187199159096 -1.353861119600795
21600.00054566191 0.001353817236268039 -1.4335746629044748 0.18519059130544496 -1.3410911803857226
21800.000550714336 0.0013417461807245603 -1.4304302017241413 0.18771786911415989 -1.3285498918385352
22000.00055576676 0.001329902802523019 -1.4272861502673673 0.19020014643462244 -1.3162315026069038
22200.000560819186 0.0013182789186993546 -1.4241428483499459 0.1926379339483234 -1.3041280358504916
22400.00056587161 0.0013068667851516371 -1.420999311608987 0.19503343237416726 -1.2922316953197388
22600.000570924036 0.001295664793510057 -1.417855643202686 0.19738824087313306 -1.280540955809875
22800.00057597646 0.0012846670311448983 -1.4147117378248386 0.19970353863509854 -1.269049990176615
23000.000581028886 0.0012738659121353884 -1.4115686783601233 0.20197866654377428 -1.257751557487298
23200.00058608131 0.0012632573631303598 -1.408424996213199 0.20421666780898867 -1.246641375092317
23400.000591133736 0.0012528349881954282 -1.4052804167732953 0.20641861137167186 -1.2357130996012098
23600.00059618616 0.0012425976049641955 -1.4021371060139427 0.2085833607237434 -1.2249660360564874
23800.000601238586 0.0012325369548908164 -1.398994040638217 0.2107125200074913 -1.2143918556559983
24000.00060629101 0.0012226505715788344 -1.3958503237424926 0.21280840258091177 -1.203987958400337
24200.000611343436 0.0012129329101967718 -1.392707211080563 0.21487013867187515 -1.1937491646679965
24400.00061639586 0.0012033810253994583 -1.3895632087318026 0.21690056383769374 -1.1836722678589469
24600.000621448286 0.0011939899323373268 -1.3864211065559116 0.21889701478609924 -1.1737529788846666
24800.00062650071 0.0011847537887473983 -1.3832777811883865 0.22086359891773144 -1.1639848841906935
25000.000631553135 0.001175673095859756 -1.3801337408553 0.22280123898413434 -1.1543685876857521
25200.00063660556 0.001166740539460318 -1.376992135525873 0.22470635395811 -1.144897611540441
25400.000641657985 0.001157954613624141 -1.3738477227451695 0.22658605685151778 -1.1355693048219972
25600.00064671041 0.0011493114825798236 -1.3707034595056726 0.2284375480135592 -1.1263805620869818
25800.00065176284 0.0011408075165556112 -1.3675602617909535 0.23026041136995906 -1.1173280327573987
26000.000656815264 0.0011324402113659046 -1.3644160997732508 0.232057713907484 -1.1084087917977226
26200.00066186769 0.0011242061153835128 -1.3612733250999522 0.23382740396600737 -1.0996199957349837
26400.000666920114 0.0011161015224493433 -1.358129476626702 0.2355726658677899 -1.090957436158572
26600.00067197254 0.0011081236375004538 -1.3549875514927687 0.23729083962685305 -1.082419074765601
26800.000677024964 0.0011002689669883776 -1.351843747317885 0.23898648299752048 -1.0740005869002807
27000.00068207739 0.0010925352878052227 -1.348700358320242 0.24065776533630862 -1.0657003308073876
27200.000687129814 0.0010849221778373491 -1.3455563963969224 0.2423067778933481 -1.0575176392620032
27400.00069218224 0.0010774244563174936 -1.3424152293420148 0.24392992527953086 -1.0494482600986905
27600.000697234664 0.0010700386672491198 -1.3392710239160421 0.24553363416783583 -1.0414873901783965
27800.00070228709 0.0010627658938166724 -1.336128432281446 0.2471143206663401 -1.0336371982381265
28000.000707339514 0.0010555992864058335 -1.332984784381986 0.2486742026155029 -1.0258903422949495
28200.00071239194 0.0010485415923389655 -1.3298422643170453 0.25021267827518345 -1.0182500117825153
28400.000717444364 0.0010415860464593099 -1.3266991333085008 0.2517309112636592 -1.0107091770104313
28600.00072249679 0.001034731904465176 -1.3235569488135657 0.2532280960705644 -1.0032674845117862
28800.000727549213 0.0010279784349319027 -1.320411785594794 0.2547089271566002 -0.995923202416621
29000.00073260164 0.001021322790417202 -1.3172697939534252 0.2561674829293634 -0.9886751048323277
29200.000737654063 0.001014763612607506 -1.3141256517931161 0.2576096226267227 -0.9815204897516681
29400.00074270649 0.0010082972695721376 -1.3109834299785805 0.2590312990873854 -0.9744568589320564
29600.000747758913 0.0010019222092547664 -1.3078419860028774 0.2604341196030878 -0.9674823940230213
29800.00075281134 0.00099563578857789 -1.304697525721858 0.26182189976839143 -0.9605935229319358
30000.000757863763 0.0009894397011993318 -1.3015551790737236 0.263190960735215 -0.9537931853901545
30200.00076291619 0.000983327305749219 -1.298411814276244 0.2645433650481068 -0.947074124998166
30400.000767968613 0.0009773026113957912 -1.29526784363012 0.2658805745638765 -0.9404402768441045
30600.00077302104 0.000971360951076407 -1.2921268482214305 0.2671987644202439 -0.9338880647959674
30800.000778073463 0.0009654972993642065 -1.2889830486666565 0.2685027270828713 -0.9274110850257493
31000.000783125888 0.0009597172538177625 -1.28583975072332 0.26979166318804987 -0.9210155621647951
31200.000788178313 0.0009540117518089583 -1.2826991410614552 0.2710617834092314 -0.9146933541710055
31400.00079323074 0.0009483867155596237 -1.2795555042244335 0.27232072439965954 -0.9084485595301558
31600.000798283167 0.0009428322641826806 -1.2764141039873433 0.27356155967379414 -0.9022731024765624
31800.00080333559 0.0009373537840058353 -1.273271063197502 0.27479004055939904 -0.8961710495209171
32000.000808388017 0.0009319489807832113 -1.2701270984378024 0.27600552432924563 -0.890140355967869
32200.00081344044 0.0009266144396278714 -1.2669860923234164 0.27720422326668887 -0.8841787931917311
32400.000818492867 0.0009213482867435534 -1.263841219191341 0.27839227055790516 -0.8782826476589954
32600.00082354529 0.0009161531162868011 -1.2606992588234591 0.279565109301696 -0.872456235087553
32800.00082859772 0.0009110238958999038 -1.2575562804484852 0.28072530356838016 -0.8666936268584647
33000.00083365014 0.0009059606953530275 -1.2544131011255473 0.2818727654749008 -0.8609950787362682
33200.00083870257 0.0009009614459845498 -1.2512706127475757 0.2830066904761076 -0.8553588371533501
33400.00084375499 0.0008960278712259447 -1.2481276213344425 0.28412924372507975 -0.849786160674503
33600.000848807416 0.0008911561361504018 -1.2449860012818534 0.28523821409806815 -0.8442739011817539
33800.00085385984 0.0008863435807016271 -1.2418422116469297 0.28633630730274856 -0.8388184917914052
34000.000858912266 0.0008815942951252836 -1.2386985989527455 0.28742341395689247 -0.8334244310714741
34200.00086396469 0.000876904068681344 -1.2355562489232002 0.28849783663743755 -0.8280880049399422
34400.000869017116 0.0008722713817242783 -1.232413656798704 0.2895608749957164 -0.8228073061457929
34600.00087406954 0.0008676959442695474 -1.229273781703223 0.29061054047509205 -0.8175828798761605
34800.000879121966 0.0008631764744080358 -1.2261303887801105 0.29165203594798556 -0.8124116665206632
35000.00088417439 0.0008587106744450862 -1.2229871760040845 0.2926820551192105 -0.8072925349692825
35200.000889226816 0.000854302705657818 -1.219845620221798 0.29370134242190854 -0.802229788996792
35400.00089427924 0.0008499436010756531 -1.2167025520634593 0.294709872338825 -0.7972140340934062
35600.000899331666 0.0008456397364134344 -1.213557527303587 0.29571065575196853 -0.7922510788103249
35800.00090438409 0.0008413892101712175 -1.21041642606041 0.2966988716618715 -0.7873408299758863
36000.000909436516 0.0008371876100620058 -1.2072746429289036 0.29767710296277783 -0.7824777548358937
36200.00091448894 0.0008330355106110473 -1.204132492662821 0.29864575188440196 -0.7776624440079438
36400.000919541366 0.000828931622847507 -1.2009891103160597 0.2996054713240506 -0.7728933929781616
36600.00092459379 0.0008248795070666268 -1.197844608166711 0.30055789853010456 -0.7681739066185785
36800.000929646216 0.000820873703053533 -1.1947036254631143 0.30149794484091397 -0.7635002459865518
37000.00093469864 0.0008169137903090995 -1.1915632982115372 0.3024281031181575 -0.7588711242638848
37200.000939751066 0.0008129983817476581 -1.18842072362431 0.3033504759386547 -0.7542843346325725
37400.00094480349 0.000809128482201276 -1.1852779661053476 0.30426427161803504 -0.7497413912317281
37600.000949855916 0.0008053046807137139 -1.1821349148383564 0.3051702109065606 -0.7452427598807398
37800.00095490834 0.000801525534205623 -1.1789902772511114 0.3060691183840323 -0.7407866607568137
38000.000959960766 0.0007977880751322151 -1.1758491953621697 0.30695645374707503 -0.7363718818139275
38200.00096501319 0.0007940941380692117 -1.1727070033587685 0.3078367729799154 -0.7319986484394602
38400.000970065616 0.0007904409482531509 -1.169563198743079 0.30870974138450635 -0.7276642001979015
38600.00097511804 0.0007868293937675609 -1.166421989283003 0.3095730171200598 -0.7233706117667558
38800.000980170465 0.0007832595262600069 -1.1632812133143102 0.3104285889472099 -0.7191172203759931
39000.00098522289 0.0007797268260209353 -1.1601384740922258 0.3112767517509991 -0.7148990887083495
39200.000990275315 0.0007762328137922579 -1.156995482030496 0.31211721743246157 -0.7107181043072308
39400.00099532774 0.0007727813470605127 -1.1538514321412279 0.3129524673496829 -0.7065775000270007
39600.001000380165 0.0007693656312083569 -1.1507105687579287 0.31377712215285997 -0.7024723425858861
39800.00100543259 0.0007659898814270552 -1.147566297478484 0.31459788488156615 -0.6984043737525409
40000.00101048502 0.0007626485206516621 -1.1444237327263915 0.3154092192848114 -0.6943700673576838
40200.00101553745 0.000759345145995833 -1.1412807087826615 0.3162144536894282 -0.6903719794613112
40400.00102058987 0.0007560775389169966 -1.138138944484778 0.3170118175621791 -0.686408589967161
40600.0010256423 0.0007528458771722177 -1.134995523147354 0.31780371685657877 -0.6824790929598866
40800.00103069472 0.0007496482496048221 -1.1318550397139295 0.31858652833461937 -0.6785831725730225
41000.00103574715 0.0007464847077874764 -1.128711657135612 0.31936455623259213 -0.6747189779329712
41200.00104079957 0.0007433556343466449 -1.1255700807921183 0.32013508466153445 -0.6708883116314183
41400.001045852 0.0007402588338618791 -1.1224256762697291 0.3209005865533866 -0.6670876663979343
41600.00105090442 0.0007371963723238074 -1.1192847392860397 0.32165804848663637 -0.663320881030554
41800.00105595685 0.0007341655451897127 -1.1161420343371917 0.3224100853831396 -0.6595837964860451
42000.00106100927 0.000731167630429012 -1.1129999440365748 0.32315596648612743 -0.6558782852874404
42200.0010660617 0.000728200936833737 -1.109858505251738 0.32389521957810113 -0.6522027990893521
42400.00107111412 0.0007252659440106564 -1.106716368495749 0.32462922413533624 -0.6485572884325319
42600.00107616655 0.0007223591184273128 -1.103574060379592 0.3253563273995549 -0.6449387228226866
42800.00108121897 0.000719483941420588 -1.1004306058519118 0.3260789864952188 -0.6413498550154627
43000.0010862714 0.0007166395979498988 -1.0972879482663807 0.32679586274671446 -0.6377905435497011
43200.00109132382 0.0007138239141613262 -1.0941460539599046 0.3275062660208934 -0.6342588006055951
43400.00109637625 0.0007110365253751483 -1.091003066669724 0.3282114655508045 -0.6307536557948412
43600.00110142867 0.000708280046600984 -1.087859812329515 0.32891240135680005 -0.6272776551470611
43800.0011064811 0.00070554963191533 -1.0847186796265038 0.3296055933319557 -0.6238272484752065
44000.00111153352 0.0007028493542775617 -1.0815766736071968 0.33029507114703655 -0.6204050135067893
44200.00111658595 0.0007001732862189085 -1.0784353650911425 0.3309773237957428 -0.6170061927303434
44400.00112163837 0.0006975265515536653 -1.0752915952017437 0.33165695239969456 -0.6136342200751967
44600.0011266908 0.0006949053730383427 -1.072149688376346 0.3323297481513412 -0.6102871586156999
44800.00113174322 0.0006923118900006491 -1.0690067668561773 0.33299873523053547 -0.6069658930871936
45000.00113679565 0.0006897434301089406 -1.065865777096333 0.3336610792107043 -0.6036690182528792
45200.00114184807 0.0006872028737843891 -1.0627226666293608 0.33432085805107603 -0.6003976628947811
45400.0011469005 0.0006846854352555289 -1.05958175821288 0.334973376127444 -0.5971490454960428
45600.00115195292 0.000682193205519336 -1.0564381650665102 0.33562279393399286 -0.5939233198390914
45800.00115700535 0.0006797258813279001 -1.053296851890592 0.3362662276248996 -0.5907218447847598
46000.00116205777 0.0006772844224477652 -1.050154189567813 0.3369065306181537 -0.5875441928206269
46200.0011671102 0.0006748647831562566 -1.0470128549833342 0.3375403315325505 -0.5843877138796103
46400.00117216262 0.0006724710663941781 -1.0438701845581881 0.3381714502193468 -0.5812550261235312
46600.00117721505 0.0006700997809302716 -1.0407281545786256 0.33879719532120856 -0.5781437337248245
46800.00118226747 0.000667752157067147 -1.0375859487949541 0.3394188675890904 -0.5750545848807461
47000.0011873199 0.0006654253176279198 -1.0344424459115018 0.3400358461335425 -0.5719846822113891
47200.00119237232 0.0006631252348139669 -1.0312991148964827 0.3406505371905717 -0.5689396176738386
47400.001197424746 0.0006608457871855988 -1.0281591290849106 0.34125821928354594 -0.5659151722761787
47600.00120247717 0.0006585873611852587 -1.02501761672144 0.34186204949843807 -0.5629099851891861
47800.001207529596 0.0006563519797740539 -1.021874624493182 0.3424632300647855 -0.5599257606209183
48000.00121258202 0.0006541361957466026 -1.0187355772305213 0.343057121026687 -0.5569613759487444
48200.001217634446 0.0006519425709782079 -1.015588819678363 0.3436517393431274 -0.5540149798517355
48400.00122268687 0.0006497706409460887 -1.0124490172032323 0.34423888373439926 -0.5510911691914375
48600.001227739296 0.0006476201200565805 -1.0093029953993105 0.3448258755165894 -0.5481851288354302
48800.00123279172 0.0006454899294415221 -1.006163689072159 0.3454052178278484 -0.5453003617344461
49000.001237844146 0.000643379065428423 -1.003020485860451 0.3459823641816484 -0.5424323234347566
49200.00124289657 0.0006412894046743047 -0.999878503810265 0.34655570407159386 -0.5395843256831743
49400.001247948996 0.000639218620980216 -0.9967353075064271 0.3471254768348442 -0.5367535269935644
49600.00125300142 0.0006371673781328936 -0.9935954961402983 0.34768974483691295 -0.5339420465668425
49800.001258053846 0.0006351351190616847 -0.990450858443928 0.3482527634355179 -0.5311465261347621
50000.00126310627 0.0006331240342289591 -0.9873089840345857 0.34881185519033053 -0.5283713962706837
50200.001268158696 0.0006311304881384866 -0.984168435313537 0.34936596931666486 -0.5256130825439485
50400.00127321112 0.0006291542788370122 -0.9810251272149421 0.349917294437617 -0.5228699586248755
50600.001278263546 0.0006271981217475693 -0.9778824184335293 0.35046573039887896 -0.5201454178781728
50800.00128331597 0.0006252624931080714 -0.9747367148106599 0.3510135822851872 -0.5174385474034973
51000.001288368396 0.0006233423588982254 -0.9716008944813918 0.35155153418443463 -0.5147496626607679
51200.00129342082 0.0006214390425851482 -0.9684568913766112 0.35208980331032036 -0.5120734850136701
51400.00129847325 0.0006195565391428508 -0.9653129913185793 0.3526265236520816 -0.509416175647883
51600.00130352568 0.0006176887576477607 -0.9621720248405924 0.35315695656414725 -0.5067736825791008
51800.0013085781 0.0006158415129793625 -0.9590299627909891 0.353686625876809 -0.5041493229040266
52000.00131363053 0.0006140062449888746 -0.9558899941449415 0.3542091596783603 -0.5015371771716307
52200.00131868295 0.0006121916994711379 -0.9527476282875822 0.3547319905544424 -0.4989427740519378
52400.00132373538 0.0006103929733235738 -0.9496067774468081 0.35525047927484066 -0.49636345439384344
52600.0013287878 0.0006086083247585004 -0.946463263585459 0.3557658193406338 -0.4937962887205977
52800.00133384023 0.0006068443856520744 -0.943320925172287 0.3562801215359467 -0.4912479856404245
53000.00133889265 0.0006050927958270385 -0.9401795258883227 0.3567887543684124 -0.48871164946010714
53200.00134394508 0.0006033584247050841 -0.9370366259277563 0.3572959041783321 -0.48619031820881486
53400.0013489975 0.0006016417604956613 -0.9338935310073372 0.3578013646125642 -0.48368480589502255
53600.00135404993 0.0005999393964230841 -0.9307524525200356 0.358302184981852 -0.4811931250732134
53800.00135910235 0.0005982522329207529 -0.9276128780984265 0.3587992889547059 -0.4787157867046627
54000.00136415478 0.0005965791836286525 -0.9244680846121449 0.3592953650438132 -0.47624947558717845
54200.0013692072 0.0005949244189255098 -0.9213259749580269 0.35978927378231346 -0.4738003194438042
54400.00137425963 0.0005932823521489645 -0.918184672854258 0.3602786790047357 -0.4713631538697213
54600.00137931205 0.0005916546174794445 -0.9150405907125105 0.36076637542141093 -0.4689379583164977
54800.00138436448 0.0005900444789032976 -0.9118982761130328 0.3612523416417351 -0.4665289195137073
55000.0013894169 0.0005884471156420258 -0.9087561731242039 0.36173449508196115 -0.4641316224684743
55200.00139446933 0.0005868642375820651 -0.9056132640624059 0.36221447221130726 -0.46174701891128944
55400.00139952175 0.0005852961443091942 -0.9024710439706467 0.3626918882343058 -0.4593758491173027
55600.00140457418 0.0005837420188815303 -0.8993310202891647 0.3631656748352998 -0.4570179834856678
55800.0014096266 0.0005821999859176142 -0.8961892064889577 0.36363660627018357 -0.4546704764802458
56000.00141467903 0.000580674304961167 -0.8930464397963551 0.364107065588647 -0.4523369244606935
56200.00141973145 0.000579159940168156 -0.8899054185283739 0.36457279630133854 -0.45001434698529863
56400.00142478388 0.000577661972240831 -0.8867596782875086 0.36504001246064194 -0.44770430361556834
56600.0014298363 0.0005761753731684456 -0.8836209642557737 0.3655003945619604 -0.4454071420855855
56800.00143488873 0.0005747026336218692 -0.8804763967991951 0.36596138114563365 -0.44312005664593057
57000.00143994115 0.0005732437715047407 -0.8773350247232162 0.36641906927076917 -0.44084633064563744
57200.00144499358 0.0005717976030765168 -0.8741918450337058 0.36687503002454136 -0.4385831862127659
57400.001450046 0.0005703639956696919 -0.871053156682028 0.36732652298594515 -0.43633280081533216
57600.00145509843 0.0005689420323803815 -0.8679108701875173 0.3677766016722318 -0.434091473622258
57800.00146015085 0.0005675326585828649 -0.8647678921673946 0.3682246975490028 -0.43186096220089193
58000.00146520328 0.0005661381222328687 -0.8616249293888549 0.3686720702678993 -0.42964319853773975
58200.0014702557 0.0005647558378870295 -0.8584824414064828 0.36911695349022833 -0.4274363473940575
58400.00147530813 0.0005633847608648726 -0.8553438419600832 0.36955731438582834 -0.42524084958844655
58600.00148036055 0.0005620246894125628 -0.8522001630312729 0.36999693281942386 -0.4230532132173285
58800.00148541298 0.0005606775534311678 -0.849057375324447 0.3704346291625735 -0.42087706570772754
59000.0014904654 0.0005593424732267298 -0.8459155866506581 0.3708698857181627 -0.4187117507579551
59200.00149551783 0.0005580203739656352 -0.8427721133137234 0.3713045408169715 -0.4165569297580407
59400.00150057025 0.0005567092402069048 -0.8396318278975564 0.3717353230895295 -0.41441287105889013
59600.00150562268 0.000555409384267447 -0.8364899733906737 0.3721645135267045 -0.4122780117878906
59800.0015106751 0.0005541196180265925 -0.8333463102225769 0.37259149339043385 -0.4101513502781906
60000.00151572753 0.0005528446349687076 -0.8302047519252739 0.3730179045235974 -0.40803778417998
60200.00152077995 0.000551578600956042 -0.8270631584755398 0.3734407947649773 -0.40593216901094054
60400.00152583238 0.0005503249467463722 -0.8239216695827047 0.37386251303177986 -0.4038370566960883
60600.0015308848 0.0005490811572425207 -0.8207786909102706 0.374282084449296 -0.401749970129527
60800.00153593723 0.0005478495253103246 -0.8176375141284513 0.37469983303324633 -0.3996737888673778
61000.00154098965 0.0005466290866601391 -0.8144962020224863 0.37511597470655555 -0.3976070470990782
61200.00154604208 0.0005454174683003686 -0.811354636662665 0.3755290106686312 -0.395547945100746
61400.0015510945 0.0005442180033951648 -0.8082121683210813 0.37594157028346725 -0.39349862890767545
61600.001556146926 0.000543028429761352 -0.8050680670889078 0.37635246112707466 -0.39145715031491424
61800.00156119935 0.0005418508507578828 -0.8019267904420554 0.3767614794325208 -0.38942667099578543
62000.001566251776 0.0005406825645189228 -0.7987864473249571 0.3771675837127966 -0.38740450355024225
62200.0015713042 0.0005395235580567758 -0.7956449878623341 0.37757163541136407 -0.38538984136978893
62400.001576356626 0.0005383753174945539 -0.7925016333811282 0.3779750442302481 -0.3833834222113728
62600.00158140905 0.0005372379490403326 -0.7893568183817281 0.3783777921797973 -0.3813854484300694
62800.00158646148 0.0005361108648401962 -0.7862158661489748 0.37877752029819955 -0.3793974822220756
63000.00159151391 0.0005349946735484872 -0.7830758007491996 0.3791758866091588 -0.3774187962190154
63200.00159656633 0.0005338847361605222 -0.7799309421802626 0.37957181491932335 -0.3754439356602277
63400.00160161876 0.0005327892296545081 -0.7767898807711116 0.37996795334447186 -0.3734818839877744
63600.00160667118 0.0005317010312571123 -0.7736455740112037 0.38036195230417585 -0.3715249276686998
63800.00161172361 0.0005306230287706158 -0.7705039964973996 0.3807537165797128 -0.36957733422443206
64000.00161677603 0.0005295553048859094 -0.7673642225679493 0.3811437403588871 -0.36763877667901923
64200.00162182846 0.000528495321870887 -0.7642206356778333 0.38153233471029935 -0.36570532237023917
64400.00162688088 0.0005274473616455025 -0.7610802221353685 0.3819200984109457 -0.3637825693138349
64600.00163193331 0.0005264060889581607 -0.7579400768669836 0.3823043156502418 -0.36186569432239263
64800.00163698573 0.0005253737378201828 -0.7547983732566315 0.3826873272268099 -0.35995551665608705
65000.00164203816 0.0005243520057816107 -0.7516533137905501 0.3830710767261443 -0.358052476800637
65200.00164709058 0.0005233394052710975 -0.7485134228130125 0.3834514985091755 -0.35615878677996127
65400.00165214301 0.0005223351217647522 -0.7453706009816778 0.38383096226814073 -0.3542707606242881
65600.00165719543 0.0005213402883950958 -0.7422286969034552 0.3842089943582563 -0.3523906141742415
65800.00166224786 0.0005203530695728487 -0.7390857986959295 0.38458498448236633 -0.3505163430206699
66000.00166730028 0.0005193782447993577 -0.7359429023200824 0.384962181493293 -0.34865151654737775
66200.00167235271 0.0005184087105909399 -0.7328013059115357 0.3853349442791558 -0.346791827951497
66400.00167740513 0.0005174512558433434 -0.7296581168019836 0.3857093822787542 -0.3449406827209501
66600.00168245756 0.0005164985869219389 -0.7265186477963779 0.38607829834490287 -0.3430952314437841
66800.00168750998 0.0005155566388152652 -0.7233749989293953 0.3864488980693698 -0.34125635086759004
67000.00169256241 0.0005146243119389453 -0.7202326963541072 0.38681853349034756 -0.3394254035675728
67200.00169761483 0.0005136982454909535 -0.717089754494826 0.3871854193264532 -0.33759937571251897
67400.00170266726 0.0005127833841787791 -0.7139484443668388 0.3875525756487456 -0.3357823702904378
67600.00170771968 0.0005118724405237399 -0.7108083735273358 0.3879146989897261 -0.3339694322470844
67800.00171277211 0.0005109722723101815 -0.7076674195773731 0.38827774630810624 -0.33216419854001145
68000.00171782453 0.0005100799357121107 -0.7045244407712561 0.3886399230787355 -0.33036427017070946
68200.00172287696 0.0005091957028807174 -0.701380662862851 0.3890010812837895 -0.32857027040228476
68400.00172792938 0.000508320667485607 -0.6982419318376937 0.3893602031487377 -0.3267851483727293
68600.00173298181 0.0005074523661342122 -0.6950982838604487 0.38971872758495585 -0.325003411158673
68800.00173803423 0.0005065917799487042 -0.69195982865026 0.39007416640802944 -0.32322960293369984
69000.00174308666 0.0005057391099784819 -0.6888141761959852 0.3904307413420962 -0.321458992061022
69200.00174813908 0.0005048936549139953 -0.6856738902430911 0.39078391185053674 -0.3196960071868345
69400.00175319151 0.0005040571484798786 -0.6825305837203747 0.39113777075529416 -0.31793844250459125
69600.00175824393 0.0005032284075340016 -0.6793892550939606 0.3914898638886717 -0.31618747069046965
69800.00176329636 0.0005024078837900052 -0.6762464172798585 0.3918417057355801 -0.31444198088134234
70000.00176834878 0.0005015948799280737 -0.673105733331584 0.39219165545514345 -0.31270294044254326
70200.0017734012 0.0005007880835671311 -0.6699648777272414 0.39253947208081463 -0.3109685956834794
70400.00177845363 0.0004999896317165807 -0.6668235683250352 0.3928869666323204 -0.3092401385243124
70600.00178350606 0.0004991977679746804 -0.6636780345349169 0.3932339703747473 -0.30751496889454877
70800.00178855848 0.0004984145021476299 -0.6605374097561844 0.3935793028363809 -0.3057978880402841
71000.0017936109 0.0004976375976435528 -0.6573941111913475 0.39392358326283083 -0.30408450986167995
71200.00179866333 0.0004968690088259118 -0.6542524365101158 0.3942670946589713 -0.302377694284512
71400.00180371576 0.0004961080368346138 -0.6511083739860889 0.3946105521183615 -0.3006754003385319
71600.00180876818 0.000495354719333521 -0.6479663586600842 0.39495269968343116 -0.29897936881791826
71800.0018138206 0.0004946068234780091 -0.6448283893496108 0.39529122115188364 -0.2972890181477597
72000.00181887303 0.0004938667358969646 -0.641686997729766 0.3956302957626326 -0.2956028110493775
72200.00182392546 0.0004931327297245378 -0.6385435788905562 0.395968162023822 -0.2939202337183513
72400.00182897788 0.0004924055534381336 -0.6354000643060936 0.3963048901948981 -0.29224247306701384
72600.0018340303 0.0004916884660050431 -0.6322585785936871 0.3966425379701612 -0.2905722710015215
72800.00183908273 0.0004909752107914215 -0.6291155731778598 0.39697714632320963 -0.28890448751925213
73000.00184413516 0.0004902708160496419 -0.6259766877321505 0.3973111919446641 -0.28724430338214224
73200.00184918758 0.0004895716612580229 -0.6228345602465607 0.39764391411713934 -0.28558664022068936
73400.00185424 0.0004888791701632594 -0.6196906816323805 0.3979760692052357 -0.2839328993960836
73600.00185929243 0.0004881953240098551 -0.6165490009756637 0.3983081946437277 -0.2822857709214933
73800.00186434486 0.00048751776909463946 -0.6134077698738774 0.3986389223123957 -0.280643162754103
74000.00186939728 0.0004868449365440723 -0.6102660365140384 0.39896727616496674 -0.27900377199620247
74200.0018744497 0.00048618160847885625 -0.6071226100772853 0.39929754474430956 -0.2773698382741967
74400.00187950213 0.00048552242098628284 -0.6039815447835056 0.39962424563869525 -0.2757398839088844
74600.00188455456 0.0004848706324448768 -0.6008384785488047 0.39995130349059743 -0.2741140000869471
74800.00188960698 0.00048422609939323863 -0.5976965851450808 0.4002777720315136 -0.27249334037931683
75000.0018946594 0.00048358881277290076 -0.5945564682285998 0.40060353180069985 -0.2708781093922308
75200.00189971183 0.0004829542539060204 -0.5914184776773238 0.40092479152600524 -0.2692658962916583
75400.00190476426 0.0004823280960269248 -0.5882711477291352 0.4012493714750404 -0.26765525234495857
75600.00190981668 0.0004817094075204669 -0.5851310383445765 0.401572095335262 -0.26605226092211
75800.0019148691 0.0004810948550561732 -0.5819882896659496 0.4018928666822764 -0.2644510980718785
76000.00191992153 0.0004804892560206287 -0.578844173048151 0.40221539972160025 -0.2628548979533206
76200.00192497396 0.0004798886738820763 -0.5757035024029499 0.4025351813326795 -0.2612634056077594
76400.00193002638 0.00047929484827183164 -0.5725631635344622 0.40285453140699357 -0.25967629484565924
76600.0019350788 0.00047870606283183296 -0.5694219349040259 0.4031723625119933 -0.25809211669179805
76800.00194013123 0.0004781240484888158 -0.5662782035684301 0.40349057720167936 -0.2565111300758529
77000.00194518366 0.0004775478014713662 -0.5631364966923428 0.40380720160122174 -0.25493459283731124
77200.00195023608 0.00047697922902720675 -0.5599934428346154 0.4041247509866375 -0.25336213324681484
77400.0019552885 0.0004764157522922059 -0.5568536406956253 0.4044399167267914 -0.2517942072212435
77600.00196034093 0.0004758579492919249 -0.5537122606715135 0.4047544460311351 -0.2502291476274199
77800.00196539336 0.0004753056284912192 -0.5505734920994384 0.40506716094661943 -0.2486685255477227
78000.00197044578 0.0004747589364526358 -0.5474272500568315 0.4053807241937402 -0.24710830862963018
78200.0019754982 0.0004742195537901048 -0.5442838947250332 0.4056940284584708 -0.24555353890755394
78400.00198055063 0.0004736858747619574 -0.5411433519609782 0.40600577078098726 -0.24400332383297013
78600.00198560306 0.00047315706446693356 -0.5380005232896237 0.4063165171348731 -0.24245514133206647
78800.00199065548 0.00047263599068454455 -0.5348599873801253 0.4066276505991284 -0.24091229412089785
79000.0019957079 0.00047211800308612445 -0.5317174488338271 0.4069362447174038 -0.23937063640581957
79200.00200076033 0.00047160766414786347 -0.5285765776638087 0.4072453777545423 -0.2378339571645818
79400.00200581276 0.00047110220233394305 -0.5254326561306675 0.40755381661021506 -0.23629890310862348
79600.00201086518 0.0004706030631993447 -0.5222899880840648 0.4078618183933289 -0.23476792836649052
79800.0020159176 0.0004701106039716969 -0.5191473848133287 0.4081700115908586 -0.2332406945722637
80000.00202097005 0.0004696233841910751 -0.5160054243940072 0.4084770463668775 -0.23171669247266155
80200.00202602247 0.00046914086411487194 -0.5128652250339227 0.40878222771657835 -0.23019609181200323
80400.0020310749 0.0004686644064307837 -0.5097229857961245 0.4090876493868149 -0.22867798532934747
80600.00203612732 0.00046819388762574834 -0.5065804473661419 0.40939283182039654 -0.22716299360632747
80800.00204117974 0.0004677278779475978 -0.503442633623804 0.40969541999750353 -0.22565245543187015
81000.00204623217 0.00046726631477715224 -0.5003006314053348 0.4099974038091124 -0.2241426728563937
81200.0020512846 0.00046681228996250284 -0.4971545838522693 0.4103014751457307 -0.2226351579451754
81400.00205633702 0.00046636513118713743 -0.49401259985807455 0.41060526956119164 -0.2211328745251981
81600.00206138944 0.0004659205440275351 -0.4908744112838576 0.41090511246424816 -0.21963365383669653
81800.00206644187 0.0004654833324619945 -0.4877286272469515 0.41120776571928885 -0.21813506415080122
82000.0020714943 0.00046505067592408005 -0.4845858429522401 0.41150844137079895 -0.21664010214643883
82200.00207654672 0.000464623357398855 -0.4814447089070873 0.4118081618468514 -0.21514855815668754
82400.00208159914 0.0004642029293461216 -0.4783028203311268 0.4121088544489633 -0.2136601312792902
82600.00208665157 0.0004637852639078625 -0.475165954006594 0.41240565393137624 -0.21217527571213293
82800.002091704 0.00046337165051913077 -0.4720258013293939 0.4127014979712675 -0.21069114854947119
83000.00209675642 0.00046296728665687456 -0.46887930388472565 0.4130016700710293 -0.20920881681461082
83200.00210180884 0.0004625656360575153 -0.4657386005579376 0.4132978240508123 -0.2077302970107095
83400.00210686127 0.00046217093669662584 -0.46259513165339855 0.413595559303331 -0.2062539406935086
83600.0021119137 0.0004617806961219546 -0.4594541571869319 0.4138915858371234 -0.20478077664690136
83800.00211696612 0.0004613961471277934 -0.4563133501550427 0.41418751710522744 -0.2033103668251555
84000.00212201854 0.00046101447220170405 -0.45317084628245957 0.41448122460613135 -0.20184067486118218
84200.00212707097 0.00046063968276548677 -0.4500265909922971 0.4147763395935441 -0.20037341503220757
84400.0021321234 0.0004602714441180686 -0.4468821318037274 0.41507227680379205 -0.19890904277947896
84600.00213717582 0.00045990714062019687 -0.44374398775341123 0.41536541627732204 -0.19744910471869076
84800.00214222824 0.00045954590415257535 -0.44060000742602135 0.41565740157816233 -0.19598816937942515
85000.00214728067 0.00045919395279839963 -0.43745396794722374 0.415953120866864 -0.1945304282824024
85200.0021523331 0.0004588468438833748 -0.43431405701780695 0.4162469946944827 -0.19307735638739582
85400.00215738552 0.0004585010863508624 -0.43117902106667266 0.41653614103006964 -0.19162695374267918
85600.00216243794 0.00045816195557664776 -0.42803225969104935 0.4168285461921999 -0.19017450043871603
85800.00216749037 0.0004578280597684632 -0.4248904105925107 0.4171197803917833 -0.18872631273160068
86000.0021725428 0.0004574987063524007 -0.4217457489267871 0.4174107033348695 -0.1872788590728001
86200.00217759522 0.0004571760419395397 -0.41860546558868156 0.4177019484291554 -0.18583599113732238
86400.00218264764 0.0004568570168623689 -0.41546670706421773 0.41799129922382405 -0.18439524839204074
86600.00218770007 0.00045654269866608955 -0.4123247835847457 0.41828061518235904 -0.1829550837445713
86800.0021927525 0.00045623278859077823 -0.4091837499501018 0.4185688931907663 -0.1815170488917628
87000.00219780492 0.0004559275754526273 -0.4060432583252808 0.41885648440775247 -0.18008109153292406
87200.00220285734 0.0004556279415666204 -0.40289601391863544 0.41914552625164614 -0.17864447643144832
87400.00220790977 0.0004553350479077833 -0.3997540892654847 0.41943494301254614 -0.1772126813556114
87600.0022129622 0.00045504699351725655 -0.39661505531576907 0.4197234584213123 -0.17578391496364798
87800.00221801462 0.0004547607363438837 -0.39347176091301045 0.42000954219161013 -0.17435398414726677
88000.00222306704 0.0004544813397995376 -0.39033000317294736 0.4202968650624652 -0.17292724899403988
88200.00222811947 0.0004542058188823626 -0.3871886238229427 0.4205828951832229 -0.17150205300781596
88400.0022331719 0.00045393596823849436 -0.3840442730059312 0.4208698838798731 -0.17007764139816112
88600.00223822432 0.0004536703588913457 -0.3809063766830756 0.42115492437600466 -0.16865741670749085
88800.00224327674 0.0004534093223836871 -0.37776523880186746 0.4214399908467201 -0.16723739934461662
89000.00224832917 0.00045315281660513113 -0.3746198453750169 0.42172521635877336 -0.16581711939455887
89200.0022533816 0.0004529029408988939 -0.37148100064802514 0.422010780328386 -0.16440187091847128
89400.00225843402 0.0004526557025152254 -0.36834041561103353 0.4222943611691601 -0.16298667903937186
89600.00226348644 0.0004524134688017883 -0.3651961352196205 0.422578489334723 -0.16157155413268168
89800.00226853887 0.0004521755999946588 -0.3620513143549108 0.42286206416156685 -0.16015757217049897
90000.0022735913 0.0004519447555105301 -0.35891216813131205 0.42314660292878625 -0.15874827389077628
90200.00227864372 0.0004517166312465368 -0.35576791269342933 0.4234298165840473 -0.15733755232721702
90400.00228369614 0.00045149506213892074 -0.35262652555889723 0.4237140489622468 -0.1559300992363138
90600.00228874857 0.0004512767607799509 -0.34948449801218145 0.42399678840055466 -0.15452326118115772
90800.002293801 0.0004510634011502843 -0.3463428791649099 0.42427945798800176 -0.15311803743083227
91000.00229885342 0.0004508542367803893 -0.34320134446824563 0.42456142279767906 -0.1517140108718958
91200.00230390584 0.00045065006794651493 -0.340063678368094 0.42484288324987474 -0.15031303433878185
91400.00230895827 0.0004504490898001479 -0.33691923984945477 0.4251237535827339 -0.14890996152544222
91600.0023140107 0.0004502546905346904 -0.3337764232950603 0.4254059792348226 -0.14750945454360373
91800.00231906312 0.00045006394707388 -0.3306341343240716 0.42568698342169237 -0.14611005646792438
92000.00232411554 0.00044987744185524315 -0.3274921325835617 0.4259673666477484 -0.1447118351808184
92200.00232916797 0.00044969744302866 -0.32434725893634264 0.42624974637969054 -0.14331414437439327
92400.0023342204 0.00044952127160754004 -0.321207513336986 0.42653045349758 -0.1419195048850175
92600.00233927282 0.0004493487633942995 -0.3180634787361671 0.4268106887964839 -0.14052383105031385
92800.00234432524 0.00044918171363144484 -0.3149238010364745 0.42709094969974387 -0.13913134997351306
93000.00234937767 0.0004490194082818343 -0.3117800775877962 0.4273717485472649 -0.1377382211204354
93200.0023544301 0.0004488605116153991 -0.30864227381629716 0.42765045113554606 -0.13634826926368313
93400.00235948252 0.00044870596044568585 -0.3054999864133026 0.4279293896381246 -0.1349573133380608
93600.00236453494 0.0004485577956104391 -0.30235647196283033 0.42821007117370286 -0.1335673273982406
93800.00236958737 0.0004484112716066078 -0.2992153651464517 0.428487493589965 -0.13217842615512065
94000.0023746398 0.00044827191120085357 -0.2960725393898568 0.42876749370740785 -0.13079045344188503
94200.00237969222 0.0004481369274794547 -0.2929306747494536 0.42904706903669465 -0.12940370289040354
94400.00238474464 0.00044800485869573355 -0.2897922376368455 0.42932451879751377 -0.12801879148885692
94600.00238979707 0.0004478776296756367 -0.286647654055998 0.42960292355089585 -0.1266321414191119
94800.00239484949 0.000447756036363271 -0.2835054922321641 0.4298819614033292 -0.12524762416817925
95000.00239990192 0.0004476371050747467 -0.2803642969098194 0.4301589795827961 -0.123863756296939
95200.00240495434 0.0004475241333239756 -0.27721853819944076 0.43043783751536996 -0.12247905103513612
95400.00241000677 0.0004474164104979862 -0.2740812905128502 0.43071626375994 -0.12109890385788107
95600.00241505919 0.0004473110724462182 -0.2709368769771857 0.43099342346771485 -0.11971576529665945
95800.00242011162 0.0004472116054717428 -0.2677955419365687 0.431271442032321 -0.11833496252577326
96000.00242516404 0.0004471160869852524 -0.2646528363315547 0.4315490107699517 -0.11695403603330604
96200.00243021647 0.0004470256491970068 -0.26151054382349065 0.43182702044751736 -0.11557402585107429
96400.00243526889 0.0004469398033141731 -0.258371734910983 0.4321046610043542 -0.11419610205617285
96600.00244032132 0.00044685667767108817 -0.25523098348443807 0.4323807579893426 -0.11281742108293524
96800.00244537374 0.00044677831789552994 -0.2520882770104307 0.43265729111037116 -0.11143847536015003
97000.00245042617 0.00044670483311180494 -0.24894593538799908 0.43293411275545807 -0.11006026502825542
97200.00245547859 0.00044663573034673244 -0.24580132298580723 0.4332110427889545 -0.10868149809450428
97400.00246053102 0.0004465717954142822 -0.24266069404265847 0.43348817221653385 -0.10730504651648098
97600.00246558344 0.0004465120376668032 -0.23951854586647403 0.4337651482831574 -0.10592825834616174
97800.00247063587 0.0004464578579421833 -0.23637782030941923 0.4340430268349146 -0.10455271289788892
98000.00247568829 0.0004464057483394159 -0.23323799392694639 0.4343184655185237 -0.10317733598086781
98200.00248074072 0.0004463578246875104 -0.2300971641943911 0.43459372460958307 -0.1018017789124343
98400.00248579314 0.000446316468685494 -0.22695038698867745 0.434871624367 -0.10042440211570292
98600.00249084557 0.00044627756459800173 -0.22380856983965827 0.43514705885664917 -0.0990489870313247
98800.00249589799 0.0004462445163114797 -0.22066661462510384 0.43542387104369423 -0.09767405419757469
99000.00250095042 0.00044621546290146637 -0.2175273605702687 0.43569997994033427 -0.09630039881725416
99200.00250600284 0.00044618977956971075 -0.21438555625238714 0.4359752906992731 -0.0949255776498168
99400.00251105527 0.00044617037152736494 -0.21124167216442502 0.4362525940038706 -0.09355038564196771
99600.00251610769 0.0004461554121943895 -0.20809960322741167 0.4365297452197544 -0.09217609976952801
99800.00252116012 0.00044614373145431604 -0.20495791607308947 0.436805742639244 -0.09080182990094077
100000.00252621254 0.0004461375641034419 -0.20181633511576466 0.4370828057585947 -0.08942788722958447
