2.026568204164505005e-01
1.870380192995071411e-01
1.777616441249847412e-01
1.716230213642120361e-01
1.673844456672668457e-01
1.643231064081192017e-01
1.620562672615051270e-01
1.603314280509948730e-01
1.589966565370559692e-01
1.579442918300628662e-01
1.571041941642761230e-01
1.564243137836456299e-01
1.558687686920166016e-01
1.554100513458251953e-01
1.550284028053283691e-01
1.547082662582397461e-01
1.544380635023117065e-01
1.542085707187652588e-01
1.540126949548721313e-01
1.538446545600891113e-01
1.536999791860580444e-01
1.535749137401580811e-01
1.534664928913116455e-01
1.533722281455993652e-01
1.532901227474212646e-01
1.532184630632400513e-01
1.531558632850646973e-01
1.531011015176773071e-01
1.530532091856002808e-01
1.530112773180007935e-01
1.529746502637863159e-01
1.529426425695419312e-01
1.529147475957870483e-01
1.528904885053634644e-01
1.528694629669189453e-01
1.528513133525848389e-01
1.528357416391372681e-01
1.528224498033523560e-01
1.528112292289733887e-01
1.528018712997436523e-01
1.527941673994064331e-01
1.527879536151885986e-01
1.527831107378005981e-01
1.527794748544692993e-01
1.527769416570663452e-01
1.527754068374633789e-01
1.527747809886932373e-01
1.527749747037887573e-01
1.527758985757827759e-01
1.527774930000305176e-01
1.527797132730484009e-01
1.527824699878692627e-01
1.527857482433319092e-01
1.527894735336303711e-01
1.527936011552810669e-01
1.527981162071228027e-01
1.528029739856719971e-01
1.528081297874450684e-01
1.528135538101196289e-01
1.528192460536956787e-01
1.528251469135284424e-01
1.528312563896179199e-01
1.528375297784805298e-01
1.528439968824386597e-01
1.528505831956863403e-01
1.528573185205459595e-01
1.528641581535339355e-01
1.528711020946502686e-01
1.528781056404113770e-01
1.528852134943008423e-01
1.528923809528350830e-01
1.528996080160140991e-01
1.529068648815155029e-01
1.529141813516616821e-01
1.529215127229690552e-01
1.529288738965988159e-01
1.529362350702285767e-01
1.529436260461807251e-01
1.529510021209716797e-01
1.529583930969238281e-01
1.529657691717147827e-01
1.529731303453445435e-01
1.529804915189743042e-01
1.529878228902816772e-01
1.529951393604278564e-01
1.530024409294128418e-01
1.530096828937530518e-01
1.530169099569320679e-01
1.530241072177886963e-01
1.530312597751617432e-01
1.530383825302124023e-01
1.530454754829406738e-01
1.530525088310241699e-01
1.530594825744628906e-01
1.530664265155792236e-01
1.530733257532119751e-01
1.530801802873611450e-01
1.530869752168655396e-01
1.530937254428863525e-01
1.531004160642623901e-01
1.531070470809936523e-01
1.531136482954025269e-01
1.531201750040054321e-01
1.531266719102859497e-01
1.531330943107604980e-01
1.531394571065902710e-01
1.531457901000976562e-01
1.531520336866378784e-01
1.531582325696945190e-01
1.531643867492675781e-01
1.531704664230346680e-01
1.531764864921569824e-01
1.531824618577957153e-01
1.531883776187896729e-01
1.531942337751388550e-01
1.532000452280044556e-01
1.532057821750640869e-01
1.532114744186401367e-01
1.532170921564102173e-01
1.532226651906967163e-01
1.532281637191772461e-01
1.532336175441741943e-01
1.532390117645263672e-01
1.532443463802337646e-01
1.532496362924575806e-01
1.532548516988754272e-01
1.532600224018096924e-01
1.532651335000991821e-01
1.532701998949050903e-01
1.532751917839050293e-01
1.532801389694213867e-01
1.532850116491317749e-01
1.532898545265197754e-01
1.532946228981018066e-01
1.532993614673614502e-01
1.533040106296539307e-01
1.533086448907852173e-01
1.533132046461105347e-01
1.533177196979522705e-01
1.533221602439880371e-01
1.533265709877014160e-01
1.533309221267700195e-01
1.533352136611938477e-01
1.533394604921340942e-01
1.533436626195907593e-01
1.533478200435638428e-01
1.533519178628921509e-01
1.533559560775756836e-01
1.533599644899368286e-01
1.533638983964920044e-01
1.533678025007247925e-01
1.533716470003128052e-01
1.533754616975784302e-01
1.533792167901992798e-01
1.533829271793365479e-01
1.533865928649902344e-01
1.533902138471603394e-01
1.533937752246856689e-01
1.533972918987274170e-01
1.534007787704467773e-01
1.534042060375213623e-01
1.534076035022735596e-01
1.534109562635421753e-01
1.534142643213272095e-01
1.534175127744674683e-01
1.534207314252853394e-01
1.534239053726196289e-01
1.534270346164703369e-01
1.534301042556762695e-01
1.534331589937210083e-01
1.534361690282821655e-01
1.534391343593597412e-01
1.534420698881149292e-01
1.534449309110641479e-01
1.534477770328521729e-01
1.534505933523178101e-01
1.534533351659774780e-01
1.534560620784759521e-01
1.534587591886520386e-01
1.534613966941833496e-01
1.534640043973922729e-01
1.534665822982788086e-01
1.534691303968429565e-01
1.534716188907623291e-01
1.534740775823593140e-01
1.534765213727951050e-01
1.534789204597473145e-01
1.534812599420547485e-01
1.534835845232009888e-01
1.534858793020248413e-01
1.534881293773651123e-01
1.534903496503829956e-01
1.534925401210784912e-01
1.534946858882904053e-01
1.534968018531799316e-01
1.534988880157470703e-01
1.535009294748306274e-01
1.535029560327529907e-01
1.535049378871917725e-01
1.535068899393081665e-01
1.535088121891021729e-01
1.535107046365737915e-01
1.535125821828842163e-01
1.535144001245498657e-01
1.535162031650543213e-01
1.535179764032363892e-01
1.535197049379348755e-01
1.535214185714721680e-01
1.535231024026870728e-01
1.535247415304183960e-01
1.535263657569885254e-01
1.535279601812362671e-01
1.535295099020004272e-01
1.535310596227645874e-01
1.535325646400451660e-01
1.535340547561645508e-01
1.535355001688003540e-01
1.535369306802749634e-01
1.535383313894271851e-01
1.535397022962570190e-01
1.535410583019256592e-01
1.535423696041107178e-01
1.535436809062957764e-01
1.535449475049972534e-01
1.535461992025375366e-01
1.535474210977554321e-01
1.535486131906509399e-01
1.535497903823852539e-01
1.535509377717971802e-01
1.535520404577255249e-01
1.535531431436538696e-01
1.535542160272598267e-01
1.535552591085433960e-01
1.535562872886657715e-01
1.535573005676269531e-01
1.535582840442657471e-01
1.535592377185821533e-01
1.535601764917373657e-01
1.535611003637313843e-01
1.535619795322418213e-01
1.535628587007522583e-01
1.535637080669403076e-01
1.535645276308059692e-01
1.535653322935104370e-01
1.535661071538925171e-01
1.535668671131134033e-01
1.535676121711730957e-01
1.535683274269104004e-01
1.535690426826477051e-01
1.535697281360626221e-01
1.535703837871551514e-01
1.535710245370864868e-01
1.535716652870178223e-01
1.535722613334655762e-01
1.535728424787521362e-01
1.535734087228775024e-01
1.535739600658416748e-01
1.535744816064834595e-01
1.535750031471252441e-01
1.535754799842834473e-01
1.535759568214416504e-01
1.535764038562774658e-01
1.535768359899520874e-01
1.535772532224655151e-01
1.535776555538177490e-01
1.535780280828475952e-01
1.535784006118774414e-01
1.535787284374237061e-01
1.535790711641311646e-01
1.535793840885162354e-01
1.535796672105789185e-01
1.535799503326416016e-01
1.535802185535430908e-01
1.535804569721221924e-01
1.535806804895401001e-01
1.535809040069580078e-01
1.535810977220535278e-01
1.535812616348266602e-01
1.535814255475997925e-01
1.535815745592117310e-01
1.535817235708236694e-01
1.535818427801132202e-01
1.535819470882415771e-01
1.535820215940475464e-01
1.535820960998535156e-01
1.535821557044982910e-01
1.535822004079818726e-01
1.535822302103042603e-01
1.535822451114654541e-01
1.535822451114654541e-01
1.535822451114654541e-01
1.535822153091430664e-01
1.535821706056594849e-01
1.535821110010147095e-01
1.535820364952087402e-01
1.535819768905639648e-01
1.535818725824356079e-01
1.535817682743072510e-01
1.535816341638565063e-01
1.535815000534057617e-01
1.535813510417938232e-01
1.535811871290206909e-01
1.535810232162475586e-01
1.535808295011520386e-01
1.535806357860565186e-01
1.535804122686386108e-01
1.535802036523818970e-01
1.535799652338027954e-01
1.535797119140625000e-01
1.535794436931610107e-01
1.535791754722595215e-01
1.535788923501968384e-01
1.535785943269729614e-01
1.535782963037490845e-01
1.535779684782028198e-01
1.535776406526565552e-01
1.535772979259490967e-01
1.535769402980804443e-01
1.535765826702117920e-01
1.535762101411819458e-01
1.535758227109909058e-01
1.535754203796386719e-01
1.535750180482864380e-01
1.535745859146118164e-01
1.535741686820983887e-01
1.535737216472625732e-01
1.535732746124267578e-01
1.535728126764297485e-01
1.535723507404327393e-01
1.535718590021133423e-01
1.535713821649551392e-01
1.535708755254745483e-01
1.535703688859939575e-01
1.535698622465133667e-01
1.535693258047103882e-01
1.535687893629074097e-01
1.535682380199432373e-01
1.535676866769790649e-01
1.535671204328536987e-01
1.535665392875671387e-01
1.535659581422805786e-01
1.535653620958328247e-01
1.535647511482238770e-01
1.535641402006149292e-01
1.535635143518447876e-01
1.535628885030746460e-01
1.535622328519821167e-01
1.535615772008895874e-01
1.535609215497970581e-01
1.535602509975433350e-01
1.535595655441284180e-01
1.535588949918746948e-01
1.535581946372985840e-01
1.535574942827224731e-01
1.535567939281463623e-01
1.535560637712478638e-01
1.535553336143493652e-01
1.535546034574508667e-01
1.535538583993911743e-01
1.535531133413314819e-01
1.535523533821105957e-01
1.535515785217285156e-01
1.535508185625076294e-01
1.535500288009643555e-01
1.535492241382598877e-01
1.535484343767166138e-01
1.535476297140121460e-01
1.535468250513076782e-01
1.535460054874420166e-01
1.535451710224151611e-01
1.535443365573883057e-01
1.535435020923614502e-01
1.535426527261734009e-01
1.535417884588241577e-01
1.535409390926361084e-01
1.535400599241256714e-01
1.535391807556152344e-01
1.535383015871047974e-01
1.535374075174331665e-01
1.535365134477615356e-01
1.535356044769287109e-01
1.535346955060958862e-01
1.535337716341018677e-01
1.535328477621078491e-01
1.535319238901138306e-01
1.535309851169586182e-01
1.535300463438034058e-01
1.535290926694869995e-01
1.535281389951705933e-01
1.535271704196929932e-01
1.535262018442153931e-01
1.535252183675765991e-01
1.535242348909378052e-01
1.535232514142990112e-01
1.535222530364990234e-01
1.535212546586990356e-01
1.535202562808990479e-01
1.535192281007766724e-01
1.535182148218154907e-01
1.535172015428543091e-01
1.535161733627319336e-01
1.535151302814483643e-01
1.535140872001647949e-01
1.535130441188812256e-01
1.535120010375976562e-01
1.535109430551528931e-01
1.535098701715469360e-01
1.535087972879409790e-01
1.535077393054962158e-01
1.535066664218902588e-01
1.535055786371231079e-01
1.535044759511947632e-01
1.535033881664276123e-01
1.535022854804992676e-01
1.535011827945709229e-01
1.535000652074813843e-01
1.534989625215530396e-01
1.534978300333023071e-01
1.534966975450515747e-01
1.534955799579620361e-01
1.534944474697113037e-01
1.534933000802993774e-01
1.534921675920486450e-01
1.534910053014755249e-01
1.534898430109024048e-01
1.534886956214904785e-01
1.534875333309173584e-01
1.534863561391830444e-01
1.534851938486099243e-01
1.534840017557144165e-01
1.534828096628189087e-01
1.534816324710845947e-01
1.534804403781890869e-01
1.534792482852935791e-01
1.534780412912368774e-01
1.534768342971801758e-01
1.534756422042846680e-01
1.534744203090667725e-01
1.534731984138488770e-01
1.534719765186309814e-01
1.534707397222518921e-01
1.534695178270339966e-01
1.534682810306549072e-01
1.534670591354370117e-01
1.534658074378967285e-01
1.534645706415176392e-01
1.534633040428161621e-01
1.534620374441146851e-01
1.534607857465744019e-01
1.534595191478729248e-01
1.534582674503326416e-01
1.534569859504699707e-01
1.534557193517684937e-01
1.534544229507446289e-01
1.534531563520431519e-01
1.534518599510192871e-01
1.534505784511566162e-01
1.534492820501327515e-01
1.534479856491088867e-01
1.534466892480850220e-01
1.534453779458999634e-01
1.534440666437149048e-01
1.534427702426910400e-01
1.534414440393447876e-01
1.534401327371597290e-01
1.534388065338134766e-01
1.534374803304672241e-01
1.534361392259597778e-01
1.534348279237747192e-01
1.534334719181060791e-01
1.534321457147598267e-01
1.534308195114135742e-01
1.534294635057449341e-01
1.534281224012374878e-01
1.534267514944076538e-01
1.534253954887390137e-01
1.534240394830703735e-01
1.534226834774017334e-01
1.534213274717330933e-01
1.534199416637420654e-01
1.534185856580734253e-01
1.534171998500823975e-01
1.534158289432525635e-01
1.534144580364227295e-01
1.534130573272705078e-01
1.534116864204406738e-01
1.534102857112884521e-01
1.534088999032974243e-01
1.534074991941452026e-01
1.534060984849929810e-01
1.534046977758407593e-01
1.534032821655273438e-01
1.534018814563751221e-01
1.534004807472229004e-01
1.533990502357482910e-01
1.533976495265960693e-01
1.533962339162826538e-01
1.533948034048080444e-01
1.533933728933334351e-01
1.533919572830200195e-01
1.533905267715454102e-01
1.533890962600708008e-01
1.533876657485961914e-01
1.533862203359603882e-01
1.533847898244857788e-01
1.533833444118499756e-01
1.533818840980529785e-01
1.533804535865783691e-01
1.533790081739425659e-01
1.533775478601455688e-01
1.533760875463485718e-01
1.533746421337127686e-01
1.533731818199157715e-01
1.533717215061187744e-01
1.533702611923217773e-01
1.533687859773635864e-01
1.533673256635665894e-01
1.533658504486083984e-01
1.533643752336502075e-01
1.533629000186920166e-01
1.533614248037338257e-01
1.533599495887756348e-01
1.533584445714950562e-01
1.533569693565368652e-01
1.533554941415786743e-01
1.533540040254592896e-01
1.533524990081787109e-01
1.533510088920593262e-01
1.533495187759399414e-01
1.533480137586593628e-01
1.533465087413787842e-01
1.533450037240982056e-01
1.533435136079788208e-01
1.533419936895370483e-01
1.533404886722564697e-01
1.533389687538146973e-01
1.533374637365341187e-01
1.533359438180923462e-01
1.533344238996505737e-01
1.533329039812088013e-01
1.533313840627670288e-01
1.533298492431640625e-01
1.533283293247222900e-01
1.533268094062805176e-01
1.533252894878387451e-01
1.533237546682357788e-01
1.533222049474716187e-01
1.533206850290298462e-01
1.533191502094268799e-01
1.533176153898239136e-01
1.533160507678985596e-01
1.533145159482955933e-01
1.533129811286926270e-01
1.533114314079284668e-01
1.533098965883255005e-01
1.533083319664001465e-01
1.533067822456359863e-01
1.533052325248718262e-01
1.533036828041076660e-01
1.533021330833435059e-01
1.533005535602569580e-01
1.532990038394927979e-01
1.532974392175674438e-01
1.532958745956420898e-01
1.532943248748779297e-01
1.532927453517913818e-01
1.532911807298660278e-01
1.532896012067794800e-01
1.532880365848541260e-01
1.532864719629287720e-01
1.532848924398422241e-01
1.532833129167556763e-01
1.532817482948303223e-01
1.532801687717437744e-01
1.532785892486572266e-01
1.532770097255706787e-01
1.532754153013229370e-01
1.532738357782363892e-01
1.532722562551498413e-01
1.532706618309020996e-01
1.532690674066543579e-01
1.532674878835678101e-01
1.532658934593200684e-01
1.532642841339111328e-01
1.532627046108245850e-01
1.532611101865768433e-01
1.532595157623291016e-01
1.532579064369201660e-01
1.532563120126724243e-01
1.532547026872634888e-01
1.532530933618545532e-01
1.532514989376068115e-01
1.532499045133590698e-01
1.532482951879501343e-01
1.532466858625411987e-01
1.532450765371322632e-01
1.532434523105621338e-01
1.532418429851531982e-01
1.532402336597442627e-01
1.532386243343353271e-01
1.532370150089263916e-01
1.532353907823562622e-01
1.532337665557861328e-01
1.532321572303771973e-01
1.532305181026458740e-01
1.532288938760757446e-01
1.532272845506668091e-01
1.532256603240966797e-01
1.532240360975265503e-01
1.532224118709564209e-01
1.532207876443862915e-01
1.532191485166549683e-01
1.532175242900848389e-01
1.532158851623535156e-01
1.532142460346221924e-01
1.532126218080520630e-01
1.532109975814819336e-01
1.532093584537506104e-01
1.532077193260192871e-01
1.532060801982879639e-01
1.532044410705566406e-01
1.532028019428253174e-01
1.532011479139328003e-01
1.531995087862014771e-01
1.531978696584701538e-01
1.531962305307388306e-01
1.531945914030075073e-01
1.531929522752761841e-01
1.531913131475448608e-01
1.531896591186523438e-01
1.531880050897598267e-01
1.531863659620285034e-01
1.531847119331359863e-01
1.531830430030822754e-01
1.531814038753509521e-01
1.531797498464584351e-01
1.531780958175659180e-01
1.531764566898345947e-01
1.531747877597808838e-01
1.531731337308883667e-01
1.531714797019958496e-01
1.531698107719421387e-01
1.531681567430496216e-01
1.531665027141571045e-01
1.531648337841033936e-01
1.531631648540496826e-01
1.531615108251571655e-01
1.531598418951034546e-01
1.531581878662109375e-01
1.531565189361572266e-01
1.531548500061035156e-01
1.531531810760498047e-01
1.531515121459960938e-01
1.531498432159423828e-01
1.531481742858886719e-01
1.531465053558349609e-01
1.531448364257812500e-01
1.531431674957275391e-01
1.531414985656738281e-01
1.531398147344589233e-01
1.531381458044052124e-01
1.531364768743515015e-01
1.531347930431365967e-01
1.531331241130828857e-01
1.531314402818679810e-01
1.531297564506530762e-01
1.531280875205993652e-01
1.531264036893844604e-01
1.531247198581695557e-01
1.531230509281158447e-01
1.531213670969009399e-01
1.531196832656860352e-01
1.531180143356323242e-01
1.531163305044174194e-01
1.531146466732025146e-01
1.531129777431488037e-01
1.531112790107727051e-01
1.531095802783966064e-01
1.531078964471817017e-01
1.531061977148056030e-01
1.531045138835906982e-01
1.531028300523757935e-01
1.531011313199996948e-01
1.530994474887847900e-01
1.530977636575698853e-01
1.530960649251937866e-01
1.530943810939788818e-01
1.530926972627639771e-01
1.530909985303878784e-01
1.530893146991729736e-01
1.530876308679580688e-01
1.530859321355819702e-01
1.530842483043670654e-01
1.530825495719909668e-01
1.530808508396148682e-01
1.530791521072387695e-01
1.530774533748626709e-01
1.530757546424865723e-01
1.530740559101104736e-01
1.530723571777343750e-01
1.530706584453582764e-01
1.530689597129821777e-01
1.530672609806060791e-01
1.530655473470687866e-01
1.530638486146926880e-01
1.530621498823165894e-01
1.530604511499404907e-01
1.530587524175643921e-01
1.530570536851882935e-01
1.530553549528121948e-01
1.530536562204360962e-01
1.530519574880599976e-01
1.530502587556838989e-01
1.530485451221466064e-01
1.530468463897705078e-01
1.530451327562332153e-01
1.530434191226959229e-01
1.530417203903198242e-01
1.530400067567825317e-01
1.530382931232452393e-01
1.530365943908691406e-01
1.530348807573318481e-01
1.530331671237945557e-01
1.530314683914184570e-01
1.530297547578811646e-01
1.530280411243438721e-01
1.530263423919677734e-01
1.530246287584304810e-01
1.530229151248931885e-01
1.530212163925170898e-01
1.530195027589797974e-01
1.530177891254425049e-01
1.530160903930664062e-01
1.530143767595291138e-01
1.530126631259918213e-01
1.530109643936157227e-01
1.530092507600784302e-01
1.530075371265411377e-01
1.530058383941650391e-01
1.530041098594665527e-01
1.530023962259292603e-01
1.530006825923919678e-01
1.529989540576934814e-01
1.529972404241561890e-01
1.529955267906188965e-01
1.529937982559204102e-01
1.529920846223831177e-01
1.529903709888458252e-01
1.529886424541473389e-01
1.529869288206100464e-01
1.529852151870727539e-01
1.529834866523742676e-01
1.529817581176757812e-01
1.529800444841384888e-01
1.529783159494400024e-01
1.529766023159027100e-01
1.529748886823654175e-01
1.529731601476669312e-01
1.529714465141296387e-01
1.529697328805923462e-01
1.529680043458938599e-01
1.529662907123565674e-01
1.529645770788192749e-01
1.529628485441207886e-01
1.529611349105834961e-01
1.529594212770462036e-01
1.529576927423477173e-01
1.529559791088104248e-01
1.529542654752731323e-01
1.529525369405746460e-01
1.529508233070373535e-01
1.529491096735000610e-01
1.529473811388015747e-01
1.529456675052642822e-01
1.529439538717269897e-01
1.529422253370285034e-01
1.529405117034912109e-01
1.529387980699539185e-01
1.529370695352554321e-01
1.529353559017181396e-01
1.529336422681808472e-01
1.529319137334823608e-01
1.529301851987838745e-01
1.529284566640853882e-01
1.529267281293869019e-01
1.529249995946884155e-01
1.529232710599899292e-01
1.529215425252914429e-01
1.529198139905929565e-01
1.529180854558944702e-01
1.529163569211959839e-01
1.529146283864974976e-01
1.529128998517990112e-01
1.529111713171005249e-01
1.529094427824020386e-01
1.529077142477035522e-01
1.529059857130050659e-01
1.529042571783065796e-01
1.529025286436080933e-01
1.529008001089096069e-01
1.528990715742111206e-01
1.528973430395126343e-01
1.528956145048141479e-01
1.528938859701156616e-01
1.528921574354171753e-01
1.528904289007186890e-01
1.528887003660202026e-01
1.528869718313217163e-01
1.528852432966232300e-01
1.528835147619247437e-01
1.528817862272262573e-01
1.528800576925277710e-01
1.528783291578292847e-01
1.528766006231307983e-01
1.528748720884323120e-01
1.528731435537338257e-01
1.528714150190353394e-01
1.528696864843368530e-01
1.528679579496383667e-01
1.528662294149398804e-01
1.528645008802413940e-01
1.528627723455429077e-01
1.528610438108444214e-01
1.528593152761459351e-01
1.528575867414474487e-01
1.528558582067489624e-01
1.528541296720504761e-01
1.528524011373519897e-01
1.528506726026535034e-01
1.528489440679550171e-01
1.528472155332565308e-01
1.528454869985580444e-01
1.528437584638595581e-01
1.528420299291610718e-01
1.528403013944625854e-01
1.528385728597640991e-01
1.528368443250656128e-01
1.528351157903671265e-01
1.528333872556686401e-01
1.528316587209701538e-01
1.528299301862716675e-01
1.528282016515731812e-01
1.528264731168746948e-01
1.528247445821762085e-01
1.528230160474777222e-01
1.528212875127792358e-01
1.528195589780807495e-01
1.528178304433822632e-01
1.528161019086837769e-01
1.528143733739852905e-01
1.528126448392868042e-01
1.528109163045883179e-01
1.528091877698898315e-01
1.528074592351913452e-01
1.528057307004928589e-01
1.528040021657943726e-01
1.528022736310958862e-01
1.528005450963973999e-01
1.527988165616989136e-01
1.527970880270004272e-01
1.527953594923019409e-01
1.527936309576034546e-01
1.527919024229049683e-01
1.527901738882064819e-01
1.527884453535079956e-01
1.527867168188095093e-01
1.527849882841110229e-01
1.527832597494125366e-01
1.527815312147140503e-01
1.527798026800155640e-01
1.527780741453170776e-01
1.527763456106185913e-01
1.527746170759201050e-01
1.527728885412216187e-01
1.527711600065231323e-01
1.527694314718246460e-01
1.527677029371261597e-01
1.527659744024276733e-01
1.527642458677291870e-01
1.527625173330307007e-01
1.527607887983322144e-01
1.527590602636337280e-01
1.527573317289352417e-01
1.527556031942367554e-01
1.527538746595382690e-01
1.527521461248397827e-01
1.527504175901412964e-01
1.527486890554428101e-01
1.527469605207443237e-01
1.527452319860458374e-01
1.527435034513473511e-01
1.527417749166488647e-01
1.527400463819503784e-01
1.527383178472518921e-01
1.527365893125534058e-01
1.527348607778549194e-01
1.527331322431564331e-01
1.527314037084579468e-01
1.527296751737594604e-01
1.527279466390609741e-01
1.527262181043624878e-01
1.527244895696640015e-01
1.527227759361267090e-01
1.527210623025894165e-01
1.527193337678909302e-01
1.527176201343536377e-01
1.527159065008163452e-01
1.527141779661178589e-01
1.527124643325805664e-01
1.527107506990432739e-01
1.527090221643447876e-01
1.527073085308074951e-01
1.527055948972702026e-01
1.527038663625717163e-01
1.527021527290344238e-01
1.527004390954971313e-01
1.526987105607986450e-01
1.526969969272613525e-01
1.526952832937240601e-01
1.526935547590255737e-01
1.526918411254882812e-01
1.526901274919509888e-01
1.526883989572525024e-01
1.526866853237152100e-01
1.526849716901779175e-01
1.526832431554794312e-01
1.526815295219421387e-01
1.526798158884048462e-01
1.526780873537063599e-01
1.526763737201690674e-01
1.526746600866317749e-01
1.526729315519332886e-01
1.526712179183959961e-01
1.526695042848587036e-01
1.526677757501602173e-01
1.526660621166229248e-01
1.526643484830856323e-01
1.526626199483871460e-01
1.526609063148498535e-01
1.526591926813125610e-01
1.526574641466140747e-01
1.526557505130767822e-01
1.526540368795394897e-01
1.526523083448410034e-01
1.526505947113037109e-01
1.526488810777664185e-01
1.526471525430679321e-01
1.526454389095306396e-01
1.526437252759933472e-01
1.526419967412948608e-01
1.526402831077575684e-01
1.526385694742202759e-01
1.526368409395217896e-01
1.526351273059844971e-01
1.526334136724472046e-01
1.526316851377487183e-01
1.526299715042114258e-01
1.526282578706741333e-01
1.526265591382980347e-01
1.526248455047607422e-01
1.526231318712234497e-01
1.526214331388473511e-01
1.526197195053100586e-01
1.526180058717727661e-01
1.526163071393966675e-01
1.526145935058593750e-01
1.526128798723220825e-01
1.526111811399459839e-01
1.526094675064086914e-01
1.526077538728713989e-01
1.526060402393341064e-01
1.526043266057968140e-01
1.526026129722595215e-01
1.526009142398834229e-01
1.525992006063461304e-01
1.525974869728088379e-01
1.525957882404327393e-01
1.525940746068954468e-01
1.525923609733581543e-01
1.525906622409820557e-01
1.525889486074447632e-01
1.525872349739074707e-01
1.525855362415313721e-01
1.525838226079940796e-01
1.525821089744567871e-01
1.525804102420806885e-01
1.525786966085433960e-01
1.525769829750061035e-01
1.525752842426300049e-01
1.525735706090927124e-01
1.525718569755554199e-01
1.525701582431793213e-01
1.525684446096420288e-01
1.525667309761047363e-01
1.525650322437286377e-01
1.525633186101913452e-01
1.525616049766540527e-01
1.525599062442779541e-01
1.525582075119018555e-01
1.525565087795257568e-01
