8.384233117103576660e-01
8.297648429870605469e-01
8.284816145896911621e-01
8.272037506103515625e-01
8.267922401428222656e-01
8.263648748397827148e-01
8.261790871620178223e-01
8.259854912757873535e-01
8.258842229843139648e-01
8.257801532745361328e-01
8.257180452346801758e-01
8.256554603576660156e-01
8.256142139434814453e-01
8.255734443664550781e-01
8.255444169044494629e-01
8.255161046981811523e-01
8.254947066307067871e-01
8.254740834236145020e-01
8.254576921463012695e-01
8.254420161247253418e-01
8.254291415214538574e-01
8.254169225692749023e-01
8.254065513610839844e-01
8.253967165946960449e-01
8.253881335258483887e-01
8.253800272941589355e-01
8.253728151321411133e-01
8.253660202026367188e-01
8.253598809242248535e-01
8.253540396690368652e-01
8.253486156463623047e-01
8.253435492515563965e-01
8.253388404846191406e-01
8.253343701362609863e-01
8.253301978111267090e-01
8.253262042999267578e-01
8.253224492073059082e-01
8.253188729286193848e-01
8.253154158592224121e-01
8.253121376037597656e-01
8.253090381622314453e-01
8.253059983253479004e-01
8.253030180931091309e-01
8.253002166748046875e-01
8.252975344657897949e-01
8.252948522567749023e-01
8.252922892570495605e-01
8.252897858619689941e-01
8.252873420715332031e-01
8.252850174903869629e-01
8.252827525138854980e-01
8.252805471420288086e-01
8.252784013748168945e-01
8.252762556076049805e-01
8.252741694450378418e-01
8.252720832824707031e-01
8.252701163291931152e-01
8.252680897712707520e-01
8.252661824226379395e-01
8.252643346786499023e-01
8.252624273300170898e-01
8.252605795860290527e-01
8.252587318420410156e-01
8.252570033073425293e-01
8.252551555633544922e-01
8.252534866333007812e-01
8.252516984939575195e-01
8.252500295639038086e-01
8.252483606338500977e-01
8.252467513084411621e-01
8.252450823783874512e-01
8.252434730529785156e-01
8.252418041229248047e-01
8.252402544021606445e-01
8.252387046813964844e-01
8.252370953559875488e-01
8.252355456352233887e-01
8.252339959144592285e-01
8.252324461936950684e-01
8.252309560775756836e-01
8.252294659614562988e-01
8.252279758453369141e-01
8.252265453338623047e-01
8.252249956130981445e-01
8.252235054969787598e-01
8.252220749855041504e-01
8.252205252647399902e-01
8.252190947532653809e-01
8.252176642417907715e-01
8.252162933349609375e-01
8.252148628234863281e-01
8.252134323120117188e-01
8.252120614051818848e-01
8.252106308937072754e-01
8.252092599868774414e-01
8.252078294754028320e-01
8.252063989639282227e-01
8.252050280570983887e-01
8.252035975456237793e-01
8.252022266387939453e-01
8.252007961273193359e-01
8.251993656158447266e-01
8.251980543136596680e-01
8.251967430114746094e-01
8.251954317092895508e-01
8.251940608024597168e-01
8.251927495002746582e-01
8.251914381980895996e-01
8.251900672912597656e-01
8.251887559890747070e-01
8.251874446868896484e-01
8.251860737800598145e-01
8.251848220825195312e-01
8.251834511756896973e-01
8.251820802688598633e-01
8.251808285713195801e-01
8.251794576644897461e-01
8.251781463623046875e-01
8.251768350601196289e-01
8.251754641532897949e-01
8.251741528511047363e-01
8.251728415489196777e-01
8.251714706420898438e-01
8.251701593399047852e-01
8.251688480377197266e-01
8.251675367355346680e-01
8.251661658287048340e-01
8.251649141311645508e-01
8.251637220382690430e-01
8.251624107360839844e-01
8.251611590385437012e-01
8.251599669456481934e-01
8.251586556434631348e-01
8.251574635505676270e-01
8.251562118530273438e-01
8.251549005508422852e-01
8.251537084579467773e-01
8.251524567604064941e-01
8.251511454582214355e-01
8.251499533653259277e-01
8.251487016677856445e-01
8.251473903656005859e-01
8.251461982727050781e-01
8.251449465751647949e-01
8.251436948776245117e-01
8.251424431800842285e-01
8.251411914825439453e-01
8.251399397850036621e-01
8.251386880874633789e-01
8.251374363899230957e-01
8.251361846923828125e-01
8.251349329948425293e-01
8.251336812973022461e-01
8.251324295997619629e-01
8.251311779022216797e-01
8.251299262046813965e-01
8.251286745071411133e-01
8.251274228096008301e-01
8.251262307167053223e-01
8.251249194145202637e-01
8.251236677169799805e-01
8.251224756240844727e-01
8.251211643218994141e-01
8.251199126243591309e-01
8.251187205314636230e-01
8.251174092292785645e-01
8.251161575317382812e-01
8.251149654388427734e-01
8.251136541366577148e-01
8.251125216484069824e-01
8.251113295555114746e-01
8.251101374626159668e-01
8.251090049743652344e-01
8.251078128814697266e-01
8.251066207885742188e-01
8.251054883003234863e-01
8.251042962074279785e-01
8.251031041145324707e-01
8.251019716262817383e-01
8.251007795333862305e-01
8.250995874404907227e-01
8.250984549522399902e-01
8.250972628593444824e-01
8.250960707664489746e-01
8.250949382781982422e-01
8.250937461853027344e-01
8.250925540924072266e-01
8.250914216041564941e-01
8.250902295112609863e-01
8.250890374183654785e-01
8.250879049301147461e-01
8.250867128372192383e-01
8.250855207443237305e-01
8.250843882560729980e-01
8.250831961631774902e-01
8.250820040702819824e-01
8.250808715820312500e-01
8.250796794891357422e-01
8.250784873962402344e-01
8.250773549079895020e-01
8.250761628150939941e-01
8.250749707221984863e-01
8.250738382339477539e-01
8.250726461410522461e-01
8.250714540481567383e-01
8.250703215599060059e-01
8.250691294670104980e-01
8.250679373741149902e-01
8.250668048858642578e-01
8.250656127929687500e-01
8.250644207000732422e-01
8.250632882118225098e-01
8.250620961189270020e-01
8.250609040260314941e-01
8.250597715377807617e-01
8.250585794448852539e-01
8.250573873519897461e-01
8.250562548637390137e-01
8.250550627708435059e-01
8.250538706779479980e-01
8.250527381896972656e-01
8.250515460968017578e-01
8.250504732131958008e-01
8.250494003295898438e-01
8.250482678413391113e-01
8.250471949577331543e-01
8.250461220741271973e-01
8.250449895858764648e-01
8.250439167022705078e-01
8.250428438186645508e-01
8.250417113304138184e-01
8.250406384468078613e-01
8.250395655632019043e-01
8.250384330749511719e-01
8.250373601913452148e-01
8.250362873077392578e-01
8.250351548194885254e-01
8.250340819358825684e-01
8.250330090522766113e-01
8.250318765640258789e-01
8.250308036804199219e-01
8.250297307968139648e-01
8.250285983085632324e-01
8.250275254249572754e-01
8.250263929367065430e-01
8.250253200531005859e-01
8.250242471694946289e-01
8.250231146812438965e-01
8.250220417976379395e-01
8.250209689140319824e-01
8.250198364257812500e-01
8.250187635421752930e-01
8.250176906585693359e-01
8.250165581703186035e-01
8.250154852867126465e-01
8.250144124031066895e-01
8.250132799148559570e-01
8.250122070312500000e-01
8.250111341476440430e-01
8.250100016593933105e-01
8.250089287757873535e-01
8.250078558921813965e-01
8.250067234039306641e-01
8.250055909156799316e-01
8.250045776367187500e-01
8.250034451484680176e-01
8.250023126602172852e-01
8.250012993812561035e-01
8.250001668930053711e-01
8.249990344047546387e-01
8.249980211257934570e-01
8.249968886375427246e-01
8.249957561492919922e-01
8.249947428703308105e-01
8.249936103820800781e-01
8.249924778938293457e-01
8.249914646148681641e-01
8.249903321266174316e-01
8.249891996383666992e-01
8.249881863594055176e-01
8.249870538711547852e-01
8.249860405921936035e-01
8.249849677085876465e-01
8.249840140342712402e-01
8.249830007553100586e-01
8.249819278717041016e-01
8.249809741973876953e-01
8.249799609184265137e-01
8.249788880348205566e-01
8.249778747558593750e-01
8.249769210815429688e-01
8.249758481979370117e-01
8.249748349189758301e-01
8.249738812446594238e-01
8.249728083610534668e-01
8.249717950820922852e-01
8.249708414077758789e-01
8.249697685241699219e-01
8.249687552452087402e-01
8.249677419662475586e-01
8.249667286872863770e-01
8.249657154083251953e-01
8.249647021293640137e-01
8.249636888504028320e-01
8.249626755714416504e-01
8.249616622924804688e-01
8.249605894088745117e-01
8.249596357345581055e-01
8.249586224555969238e-01
8.249575495719909668e-01
8.249565958976745605e-01
8.249555826187133789e-01
8.249545097351074219e-01
8.249535560607910156e-01
8.249525427818298340e-01
8.249514698982238770e-01
8.249504566192626953e-01
8.249495029449462891e-01
8.249484300613403320e-01
8.249474167823791504e-01
8.249464631080627441e-01
8.249453902244567871e-01
8.249443769454956055e-01
8.249433636665344238e-01
8.249423503875732422e-01
8.249413371086120605e-01
8.249403238296508789e-01
8.249393105506896973e-01
8.249382972717285156e-01
8.249372839927673340e-01
8.249362707138061523e-01
8.249352574348449707e-01
8.249342441558837891e-01
8.249331712722778320e-01
8.249322175979614258e-01
8.249312043190002441e-01
8.249301314353942871e-01
8.249291777610778809e-01
8.249281644821166992e-01
8.249270915985107422e-01
8.249260783195495605e-01
8.249251246452331543e-01
8.249240517616271973e-01
8.249230384826660156e-01
8.249220848083496094e-01
8.249210119247436523e-01
8.249199986457824707e-01
8.249191045761108398e-01
8.249181509017944336e-01
8.249171972274780273e-01
8.249162435531616211e-01
8.249153494834899902e-01
8.249143958091735840e-01
8.249134421348571777e-01
8.249124884605407715e-01
8.249115943908691406e-01
8.249106407165527344e-01
8.249096870422363281e-01
8.249087929725646973e-01
8.249078392982482910e-01
8.249068856239318848e-01
8.249059319496154785e-01
8.249050378799438477e-01
8.249040842056274414e-01
8.249031305313110352e-01
8.249021768569946289e-01
8.249012827873229980e-01
8.249003291130065918e-01
8.248993754386901855e-01
8.248984217643737793e-01
8.248975276947021484e-01
8.248965740203857422e-01
8.248956203460693359e-01
8.248947262763977051e-01
8.248937726020812988e-01
8.248928189277648926e-01
8.248918652534484863e-01
8.248909711837768555e-01
8.248900175094604492e-01
8.248890638351440430e-01
8.248881101608276367e-01
8.248872160911560059e-01
8.248862624168395996e-01
8.248853087425231934e-01
8.248844146728515625e-01
8.248834609985351562e-01
8.248825073242187500e-01
8.248815536499023438e-01
8.248806595802307129e-01
8.248797059059143066e-01
8.248787522315979004e-01
8.248777985572814941e-01
8.248769044876098633e-01
8.248759508132934570e-01
8.248749971389770508e-01
8.248741030693054199e-01
8.248731493949890137e-01
8.248721957206726074e-01
8.248712420463562012e-01
8.248703479766845703e-01
8.248693943023681641e-01
8.248684406280517578e-01
8.248674869537353516e-01
8.248665928840637207e-01
8.248656392097473145e-01
8.248646855354309082e-01
8.248637914657592773e-01
8.248628377914428711e-01
8.248618841171264648e-01
8.248609304428100586e-01
8.248600363731384277e-01
8.248590826988220215e-01
8.248581290245056152e-01
8.248571753501892090e-01
8.248562812805175781e-01
8.248553276062011719e-01
8.248543739318847656e-01
8.248534798622131348e-01
8.248525261878967285e-01
8.248515725135803223e-01
8.248506188392639160e-01
8.248497247695922852e-01
8.248487710952758789e-01
8.248478174209594727e-01
8.248468637466430664e-01
8.248460292816162109e-01
8.248451948165893555e-01
8.248443007469177246e-01
8.248434066772460938e-01
8.248426318168640137e-01
8.248417377471923828e-01
8.248408436775207520e-01
8.248400092124938965e-01
8.248391747474670410e-01
8.248382806777954102e-01
8.248374462127685547e-01
8.248365521430969238e-01
8.248357176780700684e-01
8.248348832130432129e-01
8.248339891433715820e-01
8.248330950736999512e-01
8.248323202133178711e-01
8.248314261436462402e-01
8.248305320739746094e-01
8.248296976089477539e-01
8.248288631439208984e-01
8.248279690742492676e-01
8.248271346092224121e-01
8.248262405395507812e-01
8.248254060745239258e-01
8.248245716094970703e-01
8.248236775398254395e-01
8.248227834701538086e-01
8.248220086097717285e-01
8.248211145401000977e-01
8.248202204704284668e-01
8.248193860054016113e-01
8.248185515403747559e-01
8.248176574707031250e-01
8.248168230056762695e-01
8.248159289360046387e-01
8.248150944709777832e-01
8.248142600059509277e-01
8.248133659362792969e-01
8.248124718666076660e-01
8.248116970062255859e-01
8.248108029365539551e-01
8.248099088668823242e-01
8.248090744018554688e-01
8.248082399368286133e-01
8.248073458671569824e-01
8.248065114021301270e-01
8.248056173324584961e-01
8.248047828674316406e-01
8.248039484024047852e-01
8.248030543327331543e-01
8.248021602630615234e-01
8.248013854026794434e-01
8.248004913330078125e-01
8.247995972633361816e-01
8.247987627983093262e-01
8.247979283332824707e-01
8.247970342636108398e-01
8.247961997985839844e-01
8.247953057289123535e-01
8.247944712638854980e-01
8.247936367988586426e-01
8.247927427291870117e-01
8.247918486595153809e-01
8.247910737991333008e-01
8.247901797294616699e-01
8.247892856597900391e-01
8.247884511947631836e-01
8.247876167297363281e-01
8.247867226600646973e-01
8.247858881950378418e-01
8.247849941253662109e-01
8.247841596603393555e-01
8.247833251953125000e-01
8.247824311256408691e-01
8.247815370559692383e-01
8.247807621955871582e-01
8.247798681259155273e-01
8.247789740562438965e-01
8.247781395912170410e-01
8.247773051261901855e-01
8.247764110565185547e-01
8.247755765914916992e-01
8.247746825218200684e-01
8.247738480567932129e-01
8.247730135917663574e-01
8.247721195220947266e-01
8.247712254524230957e-01
8.247704505920410156e-01
8.247695565223693848e-01
8.247686624526977539e-01
8.247678279876708984e-01
8.247669935226440430e-01
8.247662186622619629e-01
8.247653841972351074e-01
8.247646093368530273e-01
8.247638344764709473e-01
8.247630596160888672e-01
8.247622847557067871e-01
8.247615098953247070e-01
8.247606754302978516e-01
8.247599601745605469e-01
8.247591853141784668e-01
8.247583508491516113e-01
8.247575759887695312e-01
8.247568011283874512e-01
8.247560262680053711e-01
8.247552514076232910e-01
8.247544765472412109e-01
8.247536420822143555e-01
8.247529268264770508e-01
8.247521519660949707e-01
8.247513175010681152e-01
8.247505426406860352e-01
8.247498273849487305e-01
8.247489929199218750e-01
8.247482180595397949e-01
8.247474431991577148e-01
8.247466087341308594e-01
8.247458934783935547e-01
8.247451186180114746e-01
8.247442841529846191e-01
8.247435092926025391e-01
8.247427940368652344e-01
8.247419595718383789e-01
8.247411847114562988e-01
8.247404098510742188e-01
8.247395753860473633e-01
8.247388601303100586e-01
8.247380852699279785e-01
8.247372508049011230e-01
8.247364759445190430e-01
8.247357606887817383e-01
8.247349262237548828e-01
8.247341513633728027e-01
8.247333765029907227e-01
8.247326016426086426e-01
8.247318267822265625e-01
8.247310519218444824e-01
8.247302174568176270e-01
8.247294425964355469e-01
8.247287273406982422e-01
8.247278928756713867e-01
8.247271180152893066e-01
8.247263431549072266e-01
8.247255682945251465e-01
8.247247934341430664e-01
8.247240185737609863e-01
8.247231841087341309e-01
8.247224092483520508e-01
8.247216939926147461e-01
8.247208595275878906e-01
8.247200846672058105e-01
8.247193098068237305e-01
8.247185349464416504e-01
8.247177600860595703e-01
8.247169852256774902e-01
8.247161507606506348e-01
8.247153759002685547e-01
8.247146606445312500e-01
8.247138261795043945e-01
8.247130513191223145e-01
8.247122764587402344e-01
8.247115015983581543e-01
8.247107267379760742e-01
8.247099518775939941e-01
8.247091174125671387e-01
8.247084021568298340e-01
8.247076272964477539e-01
8.247067928314208984e-01
8.247060179710388184e-01
8.247052431106567383e-01
8.247044682502746582e-01
8.247036933898925781e-01
8.247029185295104980e-01
8.247020840644836426e-01
8.247013688087463379e-01
8.247005939483642578e-01
8.246997594833374023e-01
8.246989846229553223e-01
8.246982097625732422e-01
8.246974349021911621e-01
8.246966600418090820e-01
8.246958851814270020e-01
8.246950507164001465e-01
8.246943354606628418e-01
8.246935606002807617e-01
8.246927261352539062e-01
8.246919512748718262e-01
8.246911764144897461e-01
8.246904015541076660e-01
8.246896266937255859e-01
8.246888518333435059e-01
8.246880173683166504e-01
8.246873021125793457e-01
8.246865272521972656e-01
8.246856927871704102e-01
8.246849179267883301e-01
8.246842026710510254e-01
8.246833682060241699e-01
8.246825933456420898e-01
8.246818184852600098e-01
8.246809840202331543e-01
8.246802687644958496e-01
8.246794939041137695e-01
8.246786594390869141e-01
8.246778845787048340e-01
8.246771693229675293e-01
8.246763348579406738e-01
8.246756196022033691e-01
8.246749043464660645e-01
8.246741890907287598e-01
8.246735334396362305e-01
8.246728181838989258e-01
8.246721029281616211e-01
8.246713876724243164e-01
8.246706724166870117e-01
8.246700167655944824e-01
8.246693015098571777e-01
8.246685862541198730e-01
8.246678709983825684e-01
8.246671557426452637e-01
8.246665000915527344e-01
8.246657848358154297e-01
8.246650695800781250e-01
8.246643543243408203e-01
8.246636390686035156e-01
8.246629834175109863e-01
8.246622681617736816e-01
8.246615529060363770e-01
8.246608376502990723e-01
8.246601223945617676e-01
8.246594667434692383e-01
8.246587514877319336e-01
8.246580362319946289e-01
8.246573209762573242e-01
8.246566057205200195e-01
8.246559500694274902e-01
8.246552348136901855e-01
8.246545195579528809e-01
8.246538043022155762e-01
8.246531486511230469e-01
8.246524333953857422e-01
8.246517181396484375e-01
8.246510028839111328e-01
8.246502876281738281e-01
8.246496319770812988e-01
8.246489167213439941e-01
8.246482014656066895e-01
8.246474862098693848e-01
8.246467709541320801e-01
8.246461153030395508e-01
8.246454000473022461e-01
8.246446847915649414e-01
8.246439695358276367e-01
8.246432542800903320e-01
8.246425986289978027e-01
8.246418833732604980e-01
8.246411681175231934e-01
8.246404528617858887e-01
8.246397376060485840e-01
8.246390819549560547e-01
8.246383666992187500e-01
8.246376514434814453e-01
8.246369361877441406e-01
8.246362209320068359e-01
8.246355652809143066e-01
8.246348500251770020e-01
8.246341347694396973e-01
8.246334195137023926e-01
8.246327042579650879e-01
8.246320486068725586e-01
8.246313333511352539e-01
8.246306180953979492e-01
8.246299028396606445e-01
8.246291875839233398e-01
8.246285319328308105e-01
8.246278166770935059e-01
8.246271014213562012e-01
8.246263861656188965e-01
8.246256709098815918e-01
8.246250152587890625e-01
8.246243000030517578e-01
8.246235847473144531e-01
8.246228694915771484e-01
8.246221542358398438e-01
8.246214985847473145e-01
8.246207833290100098e-01
8.246200680732727051e-01
8.246193528175354004e-01
8.246186375617980957e-01
8.246179819107055664e-01
8.246172666549682617e-01
8.246165513992309570e-01
8.246158361434936523e-01
8.246151208877563477e-01
8.246144652366638184e-01
8.246137499809265137e-01
8.246130347251892090e-01
8.246123194694519043e-01
8.246116638183593750e-01
8.246109485626220703e-01
8.246102333068847656e-01
8.246095180511474609e-01
8.246088027954101562e-01
8.246081471443176270e-01
8.246074318885803223e-01
8.246067166328430176e-01
8.246060013771057129e-01
8.246052861213684082e-01
8.246046304702758789e-01
8.246039152145385742e-01
8.246031999588012695e-01
8.246024847030639648e-01
8.246017694473266602e-01
8.246011137962341309e-01
8.246003985404968262e-01
8.245996832847595215e-01
8.245989680290222168e-01
8.245982527732849121e-01
8.245975971221923828e-01
8.245968818664550781e-01
8.245961666107177734e-01
8.245954513549804688e-01
8.245947360992431641e-01
8.245940804481506348e-01
8.245933651924133301e-01
8.245926499366760254e-01
8.245919346809387207e-01
8.245912194252014160e-01
8.245905637741088867e-01
8.245898485183715820e-01
8.245891332626342773e-01
8.245884180068969727e-01
8.245877027511596680e-01
8.245870471000671387e-01
8.245863318443298340e-01
8.245856165885925293e-01
8.245849013328552246e-01
8.245841860771179199e-01
8.245835304260253906e-01
8.245828151702880859e-01
8.245820999145507812e-01
8.245813846588134766e-01
8.245806694030761719e-01
8.245800137519836426e-01
8.245792984962463379e-01
8.245785832405090332e-01
8.245778679847717285e-01
8.245771527290344238e-01
8.245764970779418945e-01
8.245757818222045898e-01
8.245750665664672852e-01
8.245743513107299805e-01
8.245736956596374512e-01
8.245730996131896973e-01
8.245724439620971680e-01
8.245717883110046387e-01
8.245711922645568848e-01
8.245705366134643555e-01
8.245699405670166016e-01
8.245693445205688477e-01
8.245686888694763184e-01
8.245680332183837891e-01
8.245674371719360352e-01
8.245667815208435059e-01
8.245661854743957520e-01
8.245655894279479980e-01
8.245649337768554688e-01
8.245642781257629395e-01
8.245636820793151855e-01
8.245630860328674316e-01
8.245624303817749023e-01
8.245618343353271484e-01
8.245611786842346191e-01
8.245605230331420898e-01
8.245599269866943359e-01
8.245593309402465820e-01
8.245586752891540527e-01
8.245580792427062988e-01
8.245574235916137695e-01
8.245567679405212402e-01
8.245562314987182617e-01
8.245555758476257324e-01
8.245549201965332031e-01
8.245543241500854492e-01
8.245536684989929199e-01
8.245530128479003906e-01
8.245524764060974121e-01
8.245518207550048828e-01
8.245511651039123535e-01
8.245505690574645996e-01
8.245499134063720703e-01
8.245493173599243164e-01
8.245487213134765625e-01
8.245480656623840332e-01
8.245474100112915039e-01
8.245468139648437500e-01
8.245461583137512207e-01
8.245455622673034668e-01
8.245449662208557129e-01
8.245443105697631836e-01
8.245436549186706543e-01
8.245430588722229004e-01
8.245424628257751465e-01
8.245418071746826172e-01
8.245412111282348633e-01
8.245405554771423340e-01
8.245398998260498047e-01
8.245393037796020508e-01
8.245387077331542969e-01
8.245380520820617676e-01
8.245374560356140137e-01
8.245368003845214844e-01
8.245361447334289551e-01
8.245356082916259766e-01
8.245349526405334473e-01
8.245342969894409180e-01
8.245337009429931641e-01
8.245330452919006348e-01
8.245323896408081055e-01
8.245318531990051270e-01
8.245311975479125977e-01
8.245305418968200684e-01
8.245299458503723145e-01
8.245292901992797852e-01
8.245286941528320312e-01
8.245280981063842773e-01
8.245274424552917480e-01
8.245267868041992188e-01
8.245261907577514648e-01
8.245255351066589355e-01
8.245249390602111816e-01
8.245243430137634277e-01
8.245236873626708984e-01
8.245230317115783691e-01
8.245224356651306152e-01
8.245218396186828613e-01
8.245211839675903320e-01
8.245205879211425781e-01
8.245199322700500488e-01
8.245192766189575195e-01
8.245186805725097656e-01
8.245180845260620117e-01
8.245174288749694824e-01
8.245168328285217285e-01
8.245161771774291992e-01
8.245155215263366699e-01
8.245149254798889160e-01
8.245143294334411621e-01
8.245136737823486328e-01
8.245130777359008789e-01
8.245124220848083496e-01
8.245117664337158203e-01
8.245112299919128418e-01
8.245105743408203125e-01
8.245099186897277832e-01
8.245093226432800293e-01
8.245086669921875000e-01
8.245080113410949707e-01
8.245074748992919922e-01
8.245068192481994629e-01
8.245061635971069336e-01
8.245055675506591797e-01
8.245049118995666504e-01
8.245043158531188965e-01
8.245037198066711426e-01
8.245030641555786133e-01
8.245024085044860840e-01
8.245018124580383301e-01
8.245011568069458008e-01
8.245005607604980469e-01
8.244999647140502930e-01
8.244993090629577637e-01
8.244986534118652344e-01
8.244980573654174805e-01
8.244974613189697266e-01
8.244968056678771973e-01
8.244962096214294434e-01
8.244955539703369141e-01
8.244948983192443848e-01
8.244943022727966309e-01
8.244937062263488770e-01
8.244930505752563477e-01
8.244924545288085938e-01
8.244917988777160645e-01
8.244911432266235352e-01
8.244906067848205566e-01
8.244899511337280273e-01
8.244892954826354980e-01
8.244886994361877441e-01
8.244880437850952148e-01
8.244873881340026855e-01
8.244868516921997070e-01
8.244861960411071777e-01
8.244855403900146484e-01
8.244849443435668945e-01
8.244842886924743652e-01
8.244836926460266113e-01
8.244830965995788574e-01
8.244824409484863281e-01
8.244817852973937988e-01
8.244811892509460449e-01
8.244805335998535156e-01
8.244799375534057617e-01
8.244793415069580078e-01
8.244786858558654785e-01
8.244780302047729492e-01
8.244774341583251953e-01
8.244768381118774414e-01
8.244761824607849121e-01
8.244755864143371582e-01
8.244749307632446289e-01
8.244742751121520996e-01
8.244736790657043457e-01
8.244730830192565918e-01
8.244724273681640625e-01
8.244718313217163086e-01
8.244711756706237793e-01
8.244705200195312500e-01
8.244699835777282715e-01
8.244693279266357422e-01
8.244686722755432129e-01
8.244680762290954590e-01
8.244674205780029297e-01
8.244667649269104004e-01
8.244662284851074219e-01
8.244655728340148926e-01
8.244649171829223633e-01
8.244643211364746094e-01
8.244636654853820801e-01
8.244630694389343262e-01
8.244625329971313477e-01
8.244619965553283691e-01
8.244614005088806152e-01
8.244608640670776367e-01
8.244603276252746582e-01
8.244597315788269043e-01
8.244592547416687012e-01
8.244587182998657227e-01
8.244581222534179688e-01
8.244575858116149902e-01
8.244570493698120117e-01
8.244564533233642578e-01
8.244559764862060547e-01
8.244554400444030762e-01
8.244548439979553223e-01
8.244543075561523438e-01
8.244537711143493652e-01
8.244531750679016113e-01
8.244526982307434082e-01
8.244521617889404297e-01
8.244515657424926758e-01
8.244510293006896973e-01
8.244504928588867188e-01
8.244498968124389648e-01
8.244493603706359863e-01
8.244488835334777832e-01
8.244482874870300293e-01
8.244477510452270508e-01
8.244472146034240723e-01
8.244466185569763184e-01
8.244460821151733398e-01
8.244456052780151367e-01
8.244450092315673828e-01
8.244444727897644043e-01
8.244439363479614258e-01
8.244433403015136719e-01
8.244428038597106934e-01
8.244423270225524902e-01
8.244417309761047363e-01
8.244411945343017578e-01
8.244406580924987793e-01
8.244400620460510254e-01
8.244395256042480469e-01
