1.397572291788800000e+13
-7.190478848000000000e+10
-1.056336076800000000e+10
-1.053654732800000000e+10
-3.334273792000000000e+09
-3.493106432000000000e+09
-1.485877248000000000e+09
-1.566374400000000000e+09
-7.992838400000000000e+08
-8.318168320000000000e+08
-4.838570240000000000e+08
-4.941630080000000000e+08
-3.181676160000000000e+08
-3.189653760000000000e+08
-2.229090560000000000e+08
-2.200010240000000000e+08
-1.644953440000000000e+08
-1.604531840000000000e+08
-1.268932640000000000e+08
-1.228124160000000000e+08
-1.017420800000000000e+08
-9.804758400000000000e+07
-8.438032000000000000e+07
-8.119724800000000000e+07
-7.207010400000000000e+07
-6.939480800000000000e+07
-6.313524800000000000e+07
-6.091443200000000000e+07
-5.651403600000000000e+07
-5.468056000000000000e+07
-5.151455600000000000e+07
-5.000292000000000000e+07
-4.767484800000000000e+07
-4.642708400000000000e+07
-4.467977600000000000e+07
-4.364694000000000000e+07
-4.231027200000000000e+07
-4.145214000000000000e+07
-4.041145600000000000e+07
-3.969540400000000000e+07
-3.887200000000000000e+07
-3.827177200000000000e+07
-3.761073600000000000e+07
-3.710527600000000000e+07
-3.656763200000000000e+07
-3.614004800000000000e+07
-3.569770400000000000e+07
-3.533442000000000000e+07
-3.496678800000000000e+07
-3.465686000000000000e+07
-3.434862000000000000e+07
-3.408321600000000000e+07
-3.382280400000000000e+07
-3.359471200000000000e+07
-3.337325400000000000e+07
-3.317660800000000000e+07
-3.298720400000000000e+07
-3.281716400000000000e+07
-3.265438400000000000e+07
-3.250695600000000000e+07
-3.236649200000000000e+07
-3.223833800000000000e+07
-3.211666400000000000e+07
-3.200500800000000000e+07
-3.189925800000000000e+07
-3.180177000000000000e+07
-3.170960800000000000e+07
-3.162430800000000000e+07
-3.154374400000000000e+07
-3.146895600000000000e+07
-3.139836000000000000e+07
-3.133263200000000000e+07
-3.127061200000000000e+07
-3.121273600000000000e+07
-3.115808800000000000e+07
-3.110698600000000000e+07
-3.105871600000000000e+07
-3.101347600000000000e+07
-3.097070200000000000e+07
-3.093053600000000000e+07
-3.089251200000000000e+07
-3.085669400000000000e+07
-3.082276200000000000e+07
-3.079072200000000000e+07
-3.076028800000000000e+07
-3.073148400000000000e+07
-3.070408400000000000e+07
-3.067806400000000000e+07
-3.065322400000000000e+07
-3.062959000000000000e+07
-3.060694400000000000e+07
-3.058532000000000000e+07
-3.056455400000000000e+07
-3.054461200000000000e+07
-3.052541600000000000e+07
-3.050690800000000000e+07
-3.048900800000000000e+07
-3.047167600000000000e+07
-3.045485800000000000e+07
-3.043851200000000000e+07
-3.042254000000000000e+07
-3.040696400000000000e+07
-3.039170200000000000e+07
-3.037674800000000000e+07
-3.036201600000000000e+07
-3.034752400000000000e+07
-3.033319600000000000e+07
-3.031903800000000000e+07
-3.030497600000000000e+07
-3.029104000000000000e+07
-3.027716400000000000e+07
-3.026335200000000000e+07
-3.024954400000000000e+07
-3.023577600000000000e+07
-3.022195200000000000e+07
-3.020813600000000000e+07
-3.019426400000000000e+07
-3.018033200000000000e+07
-3.016632800000000000e+07
-3.015221600000000000e+07
-3.013802200000000000e+07
-3.012372000000000000e+07
-3.010927600000000000e+07
-3.009470800000000000e+07
-3.007998400000000000e+07
-3.006513400000000000e+07
-3.005010800000000000e+07
-3.003492400000000000e+07
-3.001955600000000000e+07
-3.000404400000000000e+07
-2.998830800000000000e+07
-2.997240800000000000e+07
-2.995629600000000000e+07
-2.994002800000000000e+07
-2.992353000000000000e+07
-2.990684200000000000e+07
-2.988993600000000000e+07
-2.987283200000000000e+07
-2.985552200000000000e+07
-2.983799600000000000e+07
-2.982027800000000000e+07
-2.980233200000000000e+07
-2.978416800000000000e+07
-2.976581000000000000e+07
-2.974721400000000000e+07
-2.972841800000000000e+07
-2.970941200000000000e+07
-2.969018000000000000e+07
-2.967075600000000000e+07
-2.965111400000000000e+07
-2.963125200000000000e+07
-2.961119200000000000e+07
-2.959090600000000000e+07
-2.957045000000000000e+07
-2.954975200000000000e+07
-2.952887800000000000e+07
-2.950779600000000000e+07
-2.948650200000000000e+07
-2.946501800000000000e+07
-2.944334400000000000e+07
-2.942147800000000000e+07
-2.939942400000000000e+07
-2.937718600000000000e+07
-2.935474200000000000e+07
-2.933213400000000000e+07
-2.930932400000000000e+07
-2.928634800000000000e+07
-2.926319000000000000e+07
-2.923986400000000000e+07
-2.921636800000000000e+07
-2.919269800000000000e+07
-2.916887200000000000e+07
-2.914488600000000000e+07
-2.912072000000000000e+07
-2.909641600000000000e+07
-2.907196400000000000e+07
-2.904734600000000000e+07
-2.902256000000000000e+07
-2.899766000000000000e+07
-2.897260400000000000e+07
-2.894740800000000000e+07
-2.892205800000000000e+07
-2.889660400000000000e+07
-2.887099600000000000e+07
-2.884525800000000000e+07
-2.881941200000000000e+07
-2.879342000000000000e+07
-2.876731000000000000e+07
-2.874110600000000000e+07
-2.871476600000000000e+07
-2.868830000000000000e+07
-2.866173600000000000e+07
-2.863507200000000000e+07
-2.860829000000000000e+07
-2.858140600000000000e+07
-2.855444400000000000e+07
-2.852736600000000000e+07
-2.850019200000000000e+07
-2.847292800000000000e+07
-2.844558800000000000e+07
-2.841812800000000000e+07
-2.839059400000000000e+07
-2.836298600000000000e+07
-2.833531000000000000e+07
-2.830753600000000000e+07
-2.827969200000000000e+07
-2.825177800000000000e+07
-2.822377400000000000e+07
-2.819571800000000000e+07
-2.816760000000000000e+07
-2.813939800000000000e+07
-2.811114600000000000e+07
-2.808283200000000000e+07
-2.805446400000000000e+07
-2.802603800000000000e+07
-2.799754800000000000e+07
-2.796902800000000000e+07
-2.794044000000000000e+07
-2.791180600000000000e+07
-2.788312600000000000e+07
-2.785440800000000000e+07
-2.782564400000000000e+07
-2.779684000000000000e+07
-2.776799400000000000e+07
-2.773912400000000000e+07
-2.771020000000000000e+07
-2.768124200000000000e+07
-2.765227000000000000e+07
-2.762325400000000000e+07
-2.759421800000000000e+07
-2.756515200000000000e+07
-2.753607000000000000e+07
-2.750694800000000000e+07
-2.747782200000000000e+07
-2.744865800000000000e+07
-2.741948000000000000e+07
-2.739028800000000000e+07
-2.736108000000000000e+07
-2.733185800000000000e+07
-2.730262400000000000e+07
-2.727338200000000000e+07
-2.724412400000000000e+07
-2.721484800000000000e+07
-2.718556200000000000e+07
-2.715629200000000000e+07
-2.712700200000000000e+07
-2.709772800000000000e+07
-2.706843400000000000e+07
-2.703912800000000000e+07
-2.700983200000000000e+07
-2.698054800000000000e+07
-2.695124600000000000e+07
-2.692197200000000000e+07
-2.689266400000000000e+07
-2.686340000000000000e+07
-2.683412400000000000e+07
-2.680486800000000000e+07
-2.677560400000000000e+07
-2.674635200000000000e+07
-2.671710400000000000e+07
-2.668789000000000000e+07
-2.665866800000000000e+07
-2.662946600000000000e+07
-2.660027800000000000e+07
-2.657111600000000000e+07
-2.654194800000000000e+07
-2.651282400000000000e+07
-2.648370600000000000e+07
-2.645458800000000000e+07
-2.642550400000000000e+07
-2.639642800000000000e+07
-2.636739400000000000e+07
-2.633835200000000000e+07
-2.630937600000000000e+07
-2.628039400000000000e+07
-2.625143200000000000e+07
-2.622250600000000000e+07
-2.619360000000000000e+07
-2.616471200000000000e+07
-2.613586000000000000e+07
-2.610703600000000000e+07
-2.607822400000000000e+07
-2.604945800000000000e+07
-2.602071800000000000e+07
-2.599200200000000000e+07
-2.596331600000000000e+07
-2.593466400000000000e+07
-2.590603600000000000e+07
-2.587744000000000000e+07
-2.584888400000000000e+07
-2.582036800000000000e+07
-2.579186000000000000e+07
-2.576340000000000000e+07
-2.573498000000000000e+07
-2.570656800000000000e+07
-2.567821600000000000e+07
-2.564990000000000000e+07
-2.562162000000000000e+07
-2.559335200000000000e+07
-2.556514000000000000e+07
-2.553694400000000000e+07
-2.550882200000000000e+07
-2.548071600000000000e+07
-2.545265200000000000e+07
-2.542461400000000000e+07
-2.539664000000000000e+07
-2.536868600000000000e+07
-2.534076000000000000e+07
-2.531289800000000000e+07
-2.528507000000000000e+07
-2.525727200000000000e+07
-2.522952000000000000e+07
-2.520180200000000000e+07
-2.517415200000000000e+07
-2.514652000000000000e+07
-2.511893200000000000e+07
-2.509139400000000000e+07
-2.506389200000000000e+07
-2.503642800000000000e+07
-2.500901200000000000e+07
-2.498163800000000000e+07
-2.495431600000000000e+07
-2.492702200000000000e+07
-2.489977800000000000e+07
-2.487259400000000000e+07
-2.484542800000000000e+07
-2.481831800000000000e+07
-2.479125200000000000e+07
-2.476422800000000000e+07
-2.473725000000000000e+07
-2.471032800000000000e+07
-2.468343600000000000e+07
-2.465660000000000000e+07
-2.462980600000000000e+07
-2.460304200000000000e+07
-2.457634800000000000e+07
-2.454967200000000000e+07
-2.452306400000000000e+07
-2.449649000000000000e+07
-2.446998000000000000e+07
-2.444348800000000000e+07
-2.441707600000000000e+07
-2.439069600000000000e+07
-2.436436400000000000e+07
-2.433807000000000000e+07
-2.431182600000000000e+07
-2.428564400000000000e+07
-2.425949200000000000e+07
-2.423339600000000000e+07
-2.420733200000000000e+07
-2.418133600000000000e+07
-2.415537000000000000e+07
-2.412948000000000000e+07
-2.410360000000000000e+07
-2.407778600000000000e+07
-2.405202600000000000e+07
-2.402628800000000000e+07
-2.400063400000000000e+07
-2.397501000000000000e+07
-2.394941600000000000e+07
-2.392388800000000000e+07
-2.389841200000000000e+07
-2.387297200000000000e+07
-2.384759600000000000e+07
-2.382225600000000000e+07
-2.379696600000000000e+07
-2.377172000000000000e+07
-2.374654400000000000e+07
-2.372138800000000000e+07
-2.369630000000000000e+07
-2.367123600000000000e+07
-2.364623400000000000e+07
-2.362129000000000000e+07
-2.359638000000000000e+07
-2.357152800000000000e+07
-2.354672400000000000e+07
-2.352196000000000000e+07
-2.349723600000000000e+07
-2.347258600000000000e+07
-2.344796800000000000e+07
-2.342340800000000000e+07
-2.339888400000000000e+07
-2.337441000000000000e+07
-2.334999600000000000e+07
-2.332560200000000000e+07
-2.330127800000000000e+07
-2.327700000000000000e+07
-2.325276000000000000e+07
-2.322858200000000000e+07
-2.320445600000000000e+07
-2.318036400000000000e+07
-2.315632200000000000e+07
-2.313232800000000000e+07
-2.310837800000000000e+07
-2.308449400000000000e+07
-2.306063600000000000e+07
-2.303684800000000000e+07
-2.301308400000000000e+07
-2.298938800000000000e+07
-2.296572400000000000e+07
-2.294211400000000000e+07
-2.291854600000000000e+07
-2.289503600000000000e+07
-2.287156200000000000e+07
-2.284813800000000000e+07
-2.282476800000000000e+07
-2.280144000000000000e+07
-2.277814800000000000e+07
-2.275492800000000000e+07
-2.273173000000000000e+07
-2.270859200000000000e+07
-2.268551000000000000e+07
-2.266246000000000000e+07
-2.263945600000000000e+07
-2.261650000000000000e+07
-2.259360800000000000e+07
-2.257074000000000000e+07
-2.254792800000000000e+07
-2.252515600000000000e+07
-2.250244800000000000e+07
-2.247977200000000000e+07
-2.245714800000000000e+07
-2.243456800000000000e+07
-2.241201000000000000e+07
-2.238953600000000000e+07
-2.236708800000000000e+07
-2.234469800000000000e+07
-2.232234600000000000e+07
-2.230004000000000000e+07
-2.227777200000000000e+07
-2.225555600000000000e+07
-2.223339200000000000e+07
-2.221126400000000000e+07
-2.218918600000000000e+07
-2.216715600000000000e+07
-2.214516600000000000e+07
-2.212322600000000000e+07
-2.210134400000000000e+07
-2.207948400000000000e+07
-2.205765800000000000e+07
-2.203590400000000000e+07
-2.201418200000000000e+07
-2.199251000000000000e+07
-2.197087200000000000e+07
-2.194928400000000000e+07
-2.192773400000000000e+07
-2.190624000000000000e+07
-2.188479600000000000e+07
-2.186339200000000000e+07
-2.184201800000000000e+07
-2.182069800000000000e+07
-2.179941600000000000e+07
-2.177818800000000000e+07
-2.175698800000000000e+07
-2.173584200000000000e+07
-2.171472800000000000e+07
-2.169368000000000000e+07
-2.167265600000000000e+07
-2.165168400000000000e+07
-2.163075200000000000e+07
-2.160986000000000000e+07
-2.158901600000000000e+07
-2.156821600000000000e+07
-2.154743600000000000e+07
-2.152672400000000000e+07
-2.150604400000000000e+07
-2.148542000000000000e+07
-2.146483400000000000e+07
-2.144428400000000000e+07
-2.142377400000000000e+07
-2.140330400000000000e+07
-2.138288000000000000e+07
-2.136250000000000000e+07
-2.134216200000000000e+07
-2.132186400000000000e+07
-2.130159600000000000e+07
-2.128138800000000000e+07
-2.126121200000000000e+07
-2.124107800000000000e+07
-2.122098800000000000e+07
-2.120092200000000000e+07
-2.118091400000000000e+07
-2.116094600000000000e+07
-2.114102000000000000e+07
-2.112113200000000000e+07
-2.110129400000000000e+07
-2.108147800000000000e+07
-2.106170800000000000e+07
-2.104197600000000000e+07
-2.102229000000000000e+07
-2.100263600000000000e+07
-2.098303000000000000e+07
-2.096346400000000000e+07
-2.094393200000000000e+07
-2.092444200000000000e+07
-2.090498800000000000e+07
-2.088558600000000000e+07
-2.086620600000000000e+07
-2.084688800000000000e+07
-2.082758200000000000e+07
-2.080832800000000000e+07
-2.078911200000000000e+07
-2.076994200000000000e+07
-2.075079800000000000e+07
-2.073169200000000000e+07
-2.071263600000000000e+07
-2.069361200000000000e+07
-2.067462000000000000e+07
-2.065566800000000000e+07
-2.063676600000000000e+07
-2.061789600000000000e+07
-2.059905800000000000e+07
-2.058026800000000000e+07
-2.056150600000000000e+07
-2.054279000000000000e+07
-2.052409800000000000e+07
-2.050544800000000000e+07
-2.048684000000000000e+07
-2.046826200000000000e+07
-2.044974200000000000e+07
-2.043124000000000000e+07
-2.041277400000000000e+07
-2.039435200000000000e+07
-2.037595800000000000e+07
-2.035760600000000000e+07
-2.033929200000000000e+07
-2.032101600000000000e+07
-2.030276400000000000e+07
-2.028456000000000000e+07
-2.026638400000000000e+07
-2.024824600000000000e+07
-2.023015000000000000e+07
-2.021208000000000000e+07
-2.019404200000000000e+07
-2.017605600000000000e+07
-2.015809000000000000e+07
-2.014017600000000000e+07
-2.012227200000000000e+07
-2.010442000000000000e+07
-2.008660400000000000e+07
-2.006881800000000000e+07
-2.005107200000000000e+07
-2.003336400000000000e+07
-2.001568000000000000e+07
-1.999802600000000000e+07
-1.998041800000000000e+07
-1.996283800000000000e+07
-1.994529200000000000e+07
-1.992779200000000000e+07
-1.991030800000000000e+07
-1.989287000000000000e+07
-1.987545600000000000e+07
-1.985808200000000000e+07
-1.984073600000000000e+07
-1.982343600000000000e+07
-1.980615600000000000e+07
-1.978891200000000000e+07
-1.977169800000000000e+07
-1.975452800000000000e+07
-1.973738400000000000e+07
-1.972026800000000000e+07
-1.970319200000000000e+07
-1.968614200000000000e+07
-1.966912800000000000e+07
-1.965215600000000000e+07
-1.963520200000000000e+07
-1.961828800000000000e+07
-1.960139200000000000e+07
-1.958454800000000000e+07
-1.956772600000000000e+07
-1.955092600000000000e+07
-1.953417200000000000e+07
-1.951745200000000000e+07
-1.950076000000000000e+07
-1.948408800000000000e+07
-1.946746000000000000e+07
-1.945085200000000000e+07
-1.943429000000000000e+07
-1.941774400000000000e+07
-1.940122800000000000e+07
-1.938476400000000000e+07
-1.936830400000000000e+07
-1.935189600000000000e+07
-1.933551600000000000e+07
-1.931915400000000000e+07
-1.930282800000000000e+07
-1.928653600000000000e+07
-1.927027000000000000e+07
-1.925403800000000000e+07
-1.923782200000000000e+07
-1.922165800000000000e+07
-1.920549400000000000e+07
-1.918939000000000000e+07
-1.917330600000000000e+07
-1.915724600000000000e+07
-1.914121800000000000e+07
-1.912521200000000000e+07
-1.910923800000000000e+07
-1.909328800000000000e+07
-1.907738600000000000e+07
-1.906150200000000000e+07
-1.904564000000000000e+07
-1.902982600000000000e+07
-1.901402800000000000e+07
-1.899826200000000000e+07
-1.898251400000000000e+07
-1.896679400000000000e+07
-1.895110600000000000e+07
-1.893546200000000000e+07
-1.891982400000000000e+07
-1.890424400000000000e+07
-1.888865600000000000e+07
-1.887311000000000000e+07
-1.885759600000000000e+07
-1.884210600000000000e+07
-1.882662800000000000e+07
-1.881119200000000000e+07
-1.879578800000000000e+07
-1.878040800000000000e+07
-1.876506000000000000e+07
-1.874973800000000000e+07
-1.873441800000000000e+07
-1.871915400000000000e+07
-1.870390200000000000e+07
-1.868869000000000000e+07
-1.867348200000000000e+07
-1.865831800000000000e+07
-1.864317200000000000e+07
-1.862806000000000000e+07
-1.861297800000000000e+07
-1.859792400000000000e+07
-1.858288000000000000e+07
-1.856785800000000000e+07
-1.855287200000000000e+07
-1.853791800000000000e+07
-1.852297600000000000e+07
-1.850807400000000000e+07
-1.849318600000000000e+07
-1.847833400000000000e+07
-1.846350000000000000e+07
-1.844869200000000000e+07
-1.843391000000000000e+07
-1.841915000000000000e+07
-1.840441600000000000e+07
-1.838970800000000000e+07
-1.837502200000000000e+07
-1.836037200000000000e+07
-1.834572800000000000e+07
-1.833112600000000000e+07
-1.831653600000000000e+07
-1.830198600000000000e+07
-1.828744000000000000e+07
-1.827293200000000000e+07
-1.825843600000000000e+07
-1.824397600000000000e+07
-1.822953600000000000e+07
-1.821512200000000000e+07
-1.820071600000000000e+07
-1.818634600000000000e+07
-1.817200400000000000e+07
-1.815768000000000000e+07
-1.814339200000000000e+07
-1.812910600000000000e+07
-1.811485200000000000e+07
-1.810063400000000000e+07
-1.808641800000000000e+07
-1.807223800000000000e+07
-1.805807800000000000e+07
-1.804393600000000000e+07
-1.802982000000000000e+07
-1.801573800000000000e+07
-1.800166000000000000e+07
-1.798761600000000000e+07
-1.797358600000000000e+07
-1.795958800000000000e+07
-1.794560200000000000e+07
-1.793164400000000000e+07
-1.791770200000000000e+07
-1.790379600000000000e+07
-1.788989800000000000e+07
-1.787603200000000000e+07
-1.786217200000000000e+07
-1.784835800000000000e+07
-1.783453800000000000e+07
-1.782076200000000000e+07
-1.780700000000000000e+07
-1.779325000000000000e+07
-1.777952400000000000e+07
-1.776583400000000000e+07
-1.775216200000000000e+07
-1.773851000000000000e+07
-1.772486000000000000e+07
-1.771125400000000000e+07
-1.769765400000000000e+07
-1.768407600000000000e+07
-1.767052400000000000e+07
-1.765699000000000000e+07
-1.764347000000000000e+07
-1.762999200000000000e+07
-1.761651400000000000e+07
-1.760307000000000000e+07
-1.758962600000000000e+07
-1.757622200000000000e+07
-1.756284600000000000e+07
-1.754947800000000000e+07
-1.753612000000000000e+07
-1.752278400000000000e+07
-1.750947600000000000e+07
-1.749618000000000000e+07
-1.748291200000000000e+07
-1.746966800000000000e+07
-1.745643000000000000e+07
-1.744321600000000000e+07
-1.743002000000000000e+07
-1.741685000000000000e+07
-1.740369400000000000e+07
-1.739054800000000000e+07
-1.737743400000000000e+07
-1.736434800000000000e+07
-1.735126400000000000e+07
-1.733821200000000000e+07
-1.732516600000000000e+07
-1.731213600000000000e+07
-1.729913400000000000e+07
-1.728615600000000000e+07
-1.727318000000000000e+07
-1.726023800000000000e+07
-1.724731000000000000e+07
-1.723438800000000000e+07
-1.722149800000000000e+07
-1.720862200000000000e+07
-1.719575800000000000e+07
-1.718292600000000000e+07
-1.717010400000000000e+07
-1.715730400000000000e+07
-1.714452200000000000e+07
-1.713175200000000000e+07
-1.711899800000000000e+07
-1.710626400000000000e+07
-1.709355200000000000e+07
-1.708084800000000000e+07
-1.706817600000000000e+07
-1.705551600000000000e+07
-1.704286200000000000e+07
-1.703023800000000000e+07
-1.701761800000000000e+07
-1.700503600000000000e+07
-1.699246800000000000e+07
-1.697989000000000000e+07
-1.696735800000000000e+07
-1.695483200000000000e+07
-1.694231400000000000e+07
-1.692982000000000000e+07
-1.691734600000000000e+07
-1.690489800000000000e+07
-1.689244800000000000e+07
-1.688002800000000000e+07
-1.686760800000000000e+07
-1.685522000000000000e+07
-1.684283800000000000e+07
-1.683048200000000000e+07
-1.681812800000000000e+07
-1.680580400000000000e+07
-1.679349400000000000e+07
-1.678119800000000000e+07
-1.676891300000000000e+07
-1.675664700000000000e+07
-1.674439500000000000e+07
-1.673216600000000000e+07
-1.671995200000000000e+07
-1.670774700000000000e+07
-1.669554700000000000e+07
-1.668338800000000000e+07
-1.667122900000000000e+07
-1.665909000000000000e+07
-1.664696500000000000e+07
-1.663485900000000000e+07
-1.662275200000000000e+07
-1.661067500000000000e+07
-1.659860600000000000e+07
-1.658656700000000000e+07
-1.657452300000000000e+07
-1.656249900000000000e+07
-1.655049000000000000e+07
-1.653850800000000000e+07
-1.652653400000000000e+07
-1.651457900000000000e+07
-1.650262800000000000e+07
-1.649070400000000000e+07
-1.647877400000000000e+07
-1.646687700000000000e+07
-1.645498800000000000e+07
-1.644310300000000000e+07
-1.643124900000000000e+07
-1.641941100000000000e+07
-1.640758000000000000e+07
-1.639576200000000000e+07
-1.638395900000000000e+07
-1.637216900000000000e+07
-1.636038000000000000e+07
-1.634863000000000000e+07
-1.633687800000000000e+07
-1.632514700000000000e+07
-1.631342500000000000e+07
-1.630172700000000000e+07
-1.629002700000000000e+07
-1.627835800000000000e+07
-1.626667700000000000e+07
-1.625502400000000000e+07
-1.624339800000000000e+07
-1.623176800000000000e+07
-1.622015500000000000e+07
-1.620856000000000000e+07
-1.619696300000000000e+07
-1.618539400000000000e+07
-1.617383200000000000e+07
-1.616229200000000000e+07
-1.615076100000000000e+07
-1.613924400000000000e+07
-1.612773200000000000e+07
-1.611623700000000000e+07
-1.610476600000000000e+07
-1.609329200000000000e+07
-1.608183600000000000e+07
-1.607038900000000000e+07
-1.605895400000000000e+07
-1.604752900000000000e+07
-1.603612700000000000e+07
-1.602474800000000000e+07
-1.601336100000000000e+07
-1.600199200000000000e+07
-1.599063900000000000e+07
-1.597929400000000000e+07
-1.596795600000000000e+07
-1.595664800000000000e+07
-1.594533400000000000e+07
-1.593403800000000000e+07
-1.592275200000000000e+07
-1.591147700000000000e+07
-1.590021800000000000e+07
-1.588898100000000000e+07
-1.587772900000000000e+07
-1.586651700000000000e+07
-1.585528700000000000e+07
-1.584410400000000000e+07
-1.583291600000000000e+07
-1.582173000000000000e+07
-1.581056600000000000e+07
-1.579942900000000000e+07
-1.578827600000000000e+07
-1.577714000000000000e+07
-1.576602100000000000e+07
-1.575492000000000000e+07
-1.574382100000000000e+07
-1.573273400000000000e+07
-1.572166000000000000e+07
-1.571059800000000000e+07
-1.569953900000000000e+07
-1.568850500000000000e+07
-1.567746600000000000e+07
-1.566645400000000000e+07
-1.565544000000000000e+07
-1.564444800000000000e+07
-1.563345400000000000e+07
-1.562248500000000000e+07
-1.561152100000000000e+07
-1.560056500000000000e+07
-1.558962700000000000e+07
-1.557869200000000000e+07
-1.556776300000000000e+07
-1.555685300000000000e+07
-1.554594900000000000e+07
-1.553505800000000000e+07
-1.552418800000000000e+07
-1.551331600000000000e+07
-1.550246000000000000e+07
-1.549160900000000000e+07
-1.548076500000000000e+07
-1.546994200000000000e+07
-1.545911700000000000e+07
-1.544831000000000000e+07
-1.543751600000000000e+07
-1.542673000000000000e+07
-1.541595500000000000e+07
-1.540518000000000000e+07
-1.539442100000000000e+07
-1.538367600000000000e+07
-1.537293900000000000e+07
-1.536221100000000000e+07
-1.535149000000000000e+07
-1.534077700000000000e+07
-1.533008600000000000e+07
-1.531940000000000000e+07
-1.530871500000000000e+07
-1.529804500000000000e+07
-1.528738600000000000e+07
-1.527673000000000000e+07
-1.526609300000000000e+07
-1.525546700000000000e+07
-1.524484000000000000e+07
-1.523423400000000000e+07
-1.522363400000000000e+07
-1.521304800000000000e+07
-1.520245600000000000e+07
-1.519186900000000000e+07
-1.518131100000000000e+07
-1.517075500000000000e+07
-1.516020200000000000e+07
-1.514967400000000000e+07
-1.513913200000000000e+07
-1.512862400000000000e+07
-1.511809500000000000e+07
-1.510760500000000000e+07
-1.509710300000000000e+07
-1.508662000000000000e+07
-1.507614100000000000e+07
-1.506568100000000000e+07
-1.505521300000000000e+07
-1.504477200000000000e+07
-1.503432900000000000e+07
-1.502389900000000000e+07
-1.501347200000000000e+07
-1.500306400000000000e+07
-1.499265200000000000e+07
-1.498226300000000000e+07
-1.497186500000000000e+07
-1.496148200000000000e+07
-1.495111000000000000e+07
-1.494075600000000000e+07
-1.493039100000000000e+07
-1.492005000000000000e+07
-1.490971300000000000e+07
-1.489939200000000000e+07
-1.488905700000000000e+07
-1.487875500000000000e+07
-1.486844100000000000e+07
-1.485814600000000000e+07
-1.484785700000000000e+07
-1.483757800000000000e+07
-1.482730000000000000e+07
-1.481703700000000000e+07
-1.480678300000000000e+07
-1.479653500000000000e+07
-1.478629100000000000e+07
-1.477605800000000000e+07
-1.476583600000000000e+07
-1.475562400000000000e+07
-1.474540500000000000e+07
-1.473520400000000000e+07
-1.472500600000000000e+07
-1.471482700000000000e+07
-1.470466100000000000e+07
-1.469447700000000000e+07
-1.468432400000000000e+07
-1.467416100000000000e+07
-1.466400600000000000e+07
-1.465388000000000000e+07
-1.464374800000000000e+07
-1.463362300000000000e+07
-1.462350200000000000e+07
-1.461339100000000000e+07
-1.460328300000000000e+07
-1.459320200000000000e+07
-1.458310600000000000e+07
-1.457302200000000000e+07
-1.456294400000000000e+07
-1.455288100000000000e+07
-1.454283200000000000e+07
-1.453277700000000000e+07
-1.452273100000000000e+07
-1.451269200000000000e+07
-1.450266900000000000e+07
-1.449264500000000000e+07
-1.448262400000000000e+07
-1.447262200000000000e+07
-1.446261400000000000e+07
-1.445262700000000000e+07
-1.444263800000000000e+07
-1.443266000000000000e+07
-1.442269200000000000e+07
-1.441273100000000000e+07
-1.440276000000000000e+07
-1.439280000000000000e+07
-1.438287200000000000e+07
-1.437292500000000000e+07
-1.436299000000000000e+07
-1.435306900000000000e+07
-1.434315100000000000e+07
-1.433323200000000000e+07
-1.432333100000000000e+07
-1.431343800000000000e+07
-1.430353300000000000e+07
-1.429366600000000000e+07
-1.428377500000000000e+07
-1.427391000000000000e+07
-1.426405000000000000e+07
-1.425418200000000000e+07
-1.424433300000000000e+07
-1.423448600000000000e+07
-1.422464300000000000e+07
