1.397249435238400000e+13
-7.248080896000000000e+10
-1.095522611200000000e+10
-1.084219392000000000e+10
-3.546589696000000000e+09
-3.651171840000000000e+09
-1.605669120000000000e+09
-1.659227520000000000e+09
-8.751473280000000000e+08
-8.931169920000000000e+08
-5.363797120000000000e+08
-5.376142080000000000e+08
-3.561416320000000000e+08
-3.505320640000000000e+08
-2.504640320000000000e+08
-2.426312640000000000e+08
-1.838825600000000000e+08
-1.758730240000000000e+08
-1.395634880000000000e+08
-1.322116320000000000e+08
-1.087664560000000000e+08
-1.023460880000000000e+08
-8.661765600000000000e+07
-8.115148800000000000e+07
-7.023652000000000000e+07
-6.564360000000000000e+07
-5.783676800000000000e+07
-5.400170400000000000e+07
-4.826520800000000000e+07
-4.506968800000000000e+07
-4.075167200000000000e+07
-3.808764400000000000e+07
-3.476683600000000000e+07
-3.254091600000000000e+07
-2.993779000000000000e+07
-2.807163800000000000e+07
-2.599620600000000000e+07
-2.442520800000000000e+07
-2.274540200000000000e+07
-2.141677000000000000e+07
-2.003887200000000000e+07
-1.890969200000000000e+07
-1.776590000000000000e+07
-1.680137000000000000e+07
-1.584175600000000000e+07
-1.501364300000000000e+07
-1.420084500000000000e+07
-1.348622000000000000e+07
-1.279185000000000000e+07
-1.217205500000000000e+07
-1.157424400000000000e+07
-1.103405400000000000e+07
-1.051574800000000000e+07
-1.004268600000000000e+07
-9.590426000000000000e+06
-9.174246000000000000e+06
-8.777301000000000000e+06
-8.409538000000000000e+06
-8.059268000000000000e+06
-7.732917000000000000e+06
-7.422300500000000000e+06
-7.131528500000000000e+06
-6.854815000000000000e+06
-6.594746500000000000e+06
-6.347194000000000000e+06
-6.113739000000000000e+06
-5.891401500000000000e+06
-5.681112000000000000e+06
-5.480692000000000000e+06
-5.290648500000000000e+06
-5.109370500000000000e+06
-4.937092500000000000e+06
-4.772605500000000000e+06
-4.615975500000000000e+06
-4.466281000000000000e+06
-4.323482500000000000e+06
-4.186870250000000000e+06
-4.056343250000000000e+06
-3.931343000000000000e+06
-3.811738250000000000e+06
-3.697082250000000000e+06
-3.587229500000000000e+06
-3.481818750000000000e+06
-3.380700500000000000e+06
-3.283578000000000000e+06
-3.190305000000000000e+06
-3.100635750000000000e+06
-3.014429750000000000e+06
-2.931479750000000000e+06
-2.851655750000000000e+06
-2.774781000000000000e+06
-2.700734500000000000e+06
-2.629365750000000000e+06
-2.560563750000000000e+06
-2.494196750000000000e+06
-2.430164750000000000e+06
-2.368352000000000000e+06
-2.308668250000000000e+06
-2.251011750000000000e+06
-2.195299750000000000e+06
-2.141443250000000000e+06
-2.089366625000000000e+06
-2.038991000000000000e+06
-1.990248250000000000e+06
-1.943067500000000000e+06
-1.897387250000000000e+06
-1.853144250000000000e+06
-1.810282250000000000e+06
-1.768744500000000000e+06
-1.728480375000000000e+06
-1.689438000000000000e+06
-1.651571625000000000e+06
-1.614834875000000000e+06
-1.579186125000000000e+06
-1.544582375000000000e+06
-1.510986250000000000e+06
-1.478359000000000000e+06
-1.446666250000000000e+06
-1.415872875000000000e+06
-1.385947250000000000e+06
-1.356857250000000000e+06
-1.328574125000000000e+06
-1.301069000000000000e+06
-1.274314875000000000e+06
-1.248285000000000000e+06
-1.222955250000000000e+06
-1.198301250000000000e+06
-1.174300750000000000e+06
-1.150930875000000000e+06
-1.128171250000000000e+06
-1.106001375000000000e+06
-1.084402125000000000e+06
-1.063354500000000000e+06
-1.042841062500000000e+06
-1.022844250000000000e+06
-1.003348000000000000e+06
-9.843359375000000000e+05
-9.657935000000000000e+05
-9.477053125000000000e+05
-9.300580000000000000e+05
-9.128373125000000000e+05
-8.960308750000000000e+05
-8.796253750000000000e+05
-8.636093750000000000e+05
-8.479706875000000000e+05
-8.326985625000000000e+05
-8.177816250000000000e+05
-8.032100625000000000e+05
-7.889733125000000000e+05
-7.750620000000000000e+05
-7.614663750000000000e+05
-7.481778750000000000e+05
-7.351873125000000000e+05
-7.224867500000000000e+05
-7.100674375000000000e+05
-6.979220000000000000e+05
-6.860425625000000000e+05
-6.744221875000000000e+05
-6.630533125000000000e+05
-6.519295000000000000e+05
-6.410436250000000000e+05
-6.303897500000000000e+05
-6.199615000000000000e+05
-6.097529375000000000e+05
-5.997581875000000000e+05
-5.899715000000000000e+05
-5.803875625000000000e+05
-5.710014375000000000e+05
-5.618073125000000000e+05
-5.528008750000000000e+05
-5.439770625000000000e+05
-5.353313750000000000e+05
-5.268590625000000000e+05
-5.185560625000000000e+05
-5.104179687500000000e+05
-5.024407500000000000e+05
-4.946203750000000000e+05
-4.869531562500000000e+05
-4.794350625000000000e+05
-4.720627812500000000e+05
-4.648325000000000000e+05
-4.577411250000000000e+05
-4.507850000000000000e+05
-4.439612187500000000e+05
-4.372663750000000000e+05
-4.306976250000000000e+05
-4.242519062500000000e+05
-4.179264375000000000e+05
-4.117182500000000000e+05
-4.056248437500000000e+05
-3.996435000000000000e+05
-3.937716875000000000e+05
-3.880069375000000000e+05
-3.823467187500000000e+05
-3.767887187500000000e+05
-3.713307500000000000e+05
-3.659704375000000000e+05
-3.607057187500000000e+05
-3.555343750000000000e+05
-3.504545000000000000e+05
-3.454639687500000000e+05
-3.405609687500000000e+05
-3.357434375000000000e+05
-3.310096875000000000e+05
-3.263577812500000000e+05
-3.217860937500000000e+05
-3.172928125000000000e+05
-3.128763750000000000e+05
-3.085350312500000000e+05
-3.042672812500000000e+05
-3.000716250000000000e+05
-2.959465937500000000e+05
-2.918905000000000000e+05
-2.879022500000000000e+05
-2.839801875000000000e+05
-2.801230625000000000e+05
-2.763295312500000000e+05
-2.725983437500000000e+05
-2.689282187500000000e+05
-2.653179375000000000e+05
-2.617662500000000000e+05
-2.582721093750000000e+05
-2.548341718750000000e+05
-2.514515468750000000e+05
-2.481229687500000000e+05
-2.448475156250000000e+05
-2.416240625000000000e+05
-2.384516250000000000e+05
-2.353292187500000000e+05
-2.322558750000000000e+05
-2.292305937500000000e+05
-2.262525625000000000e+05
-2.233208125000000000e+05
-2.204345000000000000e+05
-2.175926875000000000e+05
-2.147946406250000000e+05
-2.120395000000000000e+05
-2.093264375000000000e+05
-2.066546718750000000e+05
-2.040234375000000000e+05
-2.014320937500000000e+05
-1.988797343750000000e+05
-1.963657500000000000e+05
-1.938893750000000000e+05
-1.914499062500000000e+05
-1.890467968750000000e+05
-1.866792656250000000e+05
-1.843467656250000000e+05
-1.820486250000000000e+05
-1.797842031250000000e+05
-1.775528906250000000e+05
-1.753541562500000000e+05
-1.731873906250000000e+05
-1.710520781250000000e+05
-1.689475781250000000e+05
-1.668734062500000000e+05
-1.648289687500000000e+05
-1.628138750000000000e+05
-1.608275312500000000e+05
-1.588694218750000000e+05
-1.569390937500000000e+05
-1.550360781250000000e+05
-1.531599218750000000e+05
-1.513100625000000000e+05
-1.494861562500000000e+05
-1.476877656250000000e+05
-1.459144062500000000e+05
-1.441656875000000000e+05
-1.424411250000000000e+05
-1.407404843750000000e+05
-1.390631875000000000e+05
-1.374089531250000000e+05
-1.357773125000000000e+05
-1.341679843750000000e+05
-1.325805625000000000e+05
-1.310147109375000000e+05
-1.294699765625000000e+05
-1.279461718750000000e+05
-1.264427890625000000e+05
-1.249596093750000000e+05
-1.234963125000000000e+05
-1.220525312500000000e+05
-1.206279218750000000e+05
-1.192222812500000000e+05
-1.178351875000000000e+05
-1.164664531250000000e+05
-1.151157031250000000e+05
-1.137826875000000000e+05
-1.124671406250000000e+05
-1.111687734375000000e+05
-1.098872656250000000e+05
-1.086224375000000000e+05
-1.073739765625000000e+05
-1.061416640625000000e+05
-1.049252187500000000e+05
-1.037244140625000000e+05
-1.025390078125000000e+05
-1.013687656250000000e+05
-1.002133906250000000e+05
-9.907278906250000000e+04
-9.794660156250000000e+04
-9.683471093750000000e+04
-9.573678125000000000e+04
-9.465271875000000000e+04
-9.358228906250000000e+04
-9.252522656250000000e+04
-9.148139062500000000e+04
-9.045053906250000000e+04
-8.943253125000000000e+04
-8.842713281250000000e+04
-8.743421093750000000e+04
-8.645350781250000000e+04
-8.548490625000000000e+04
-8.452815625000000000e+04
-8.358314062500000000e+04
-8.264968750000000000e+04
-8.172762500000000000e+04
-8.081676562500000000e+04
-7.991693750000000000e+04
-7.902803906250000000e+04
-7.814985156250000000e+04
-7.728225781250000000e+04
-7.642506250000000000e+04
-7.557819531250000000e+04
-7.474142968750000000e+04
-7.391464843750000000e+04
-7.309769531250000000e+04
-7.229047656250000000e+04
-7.149284375000000000e+04
-7.070460937500000000e+04
-6.992568750000000000e+04
-6.915594531250000000e+04
-6.839524218750000000e+04
-6.764342968750000000e+04
-6.690042187500000000e+04
-6.616610937500000000e+04
-6.544034765625000000e+04
-6.472298437500000000e+04
-6.401394531250000000e+04
-6.331313281250000000e+04
-6.262036328125000000e+04
-6.193558984375000000e+04
-6.125871875000000000e+04
-6.058953515625000000e+04
-5.992807812500000000e+04
-5.927413671875000000e+04
-5.862765234375000000e+04
-5.798850390625000000e+04
-5.735663671875000000e+04
-5.673189453125000000e+04
-5.611423437500000000e+04
-5.550350000000000000e+04
-5.489966406250000000e+04
-5.430262109375000000e+04
-5.371224609375000000e+04
-5.312846484375000000e+04
-5.255121875000000000e+04
-5.198039843750000000e+04
-5.141588671875000000e+04
-5.085765625000000000e+04
-5.030565234375000000e+04
-4.975966406250000000e+04
-4.921975000000000000e+04
-4.868576953125000000e+04
-4.815762109375000000e+04
-4.763525781250000000e+04
-4.711865625000000000e+04
-4.660766406250000000e+04
-4.610222656250000000e+04
-4.560233593750000000e+04
-4.510783984375000000e+04
-4.461867968750000000e+04
-4.413483593750000000e+04
-4.365621875000000000e+04
-4.318274218750000000e+04
-4.271435937500000000e+04
-4.225101562500000000e+04
-4.179259765625000000e+04
-4.133915625000000000e+04
-4.089047265625000000e+04
-4.044661328125000000e+04
-4.000744921875000000e+04
-3.957298046875000000e+04
-3.914310156250000000e+04
-3.871775781250000000e+04
-3.829692968750000000e+04
-3.788052343750000000e+04
-3.746848437500000000e+04
-3.706080078125000000e+04
-3.665735546875000000e+04
-3.625816796875000000e+04
-3.586313671875000000e+04
-3.547222265625000000e+04
-3.508537500000000000e+04
-3.470255078125000000e+04
-3.432370703125000000e+04
-3.394879296875000000e+04
-3.357775390625000000e+04
-3.321055859375000000e+04
-3.284710937500000000e+04
-3.248743164062500000e+04
-3.213144726562500000e+04
-3.177911328125000000e+04
-3.143037500000000000e+04
-3.108522656250000000e+04
-3.074359375000000000e+04
-3.040544726562500000e+04
-3.007073242187500000e+04
-2.973943164062500000e+04
-2.941147656250000000e+04
-2.908684375000000000e+04
-2.876550195312500000e+04
-2.844741210937500000e+04
-2.813250781250000000e+04
-2.782082031250000000e+04
-2.751223242187500000e+04
-2.720674609375000000e+04
-2.690431445312500000e+04
-2.660494335937500000e+04
-2.630854882812500000e+04
-2.601510937500000000e+04
-2.572456054687500000e+04
-2.543695703125000000e+04
-2.515218750000000000e+04
-2.487026171875000000e+04
-2.459110742187500000e+04
-2.431472460937500000e+04
-2.404106250000000000e+04
-2.377012500000000000e+04
-2.350183984375000000e+04
-2.323622656250000000e+04
-2.297317968750000000e+04
-2.271275195312500000e+04
-2.245485742187500000e+04
-2.219950390625000000e+04
-2.194663671875000000e+04
-2.169624414062500000e+04
-2.144828906250000000e+04
-2.120275000000000000e+04
-2.095960546875000000e+04
-2.071883398437500000e+04
-2.048036718750000000e+04
-2.024423828125000000e+04
-2.001040625000000000e+04
-1.977881835937500000e+04
-1.954946289062500000e+04
-1.932234179687500000e+04
-1.909737890625000000e+04
-1.887460351562500000e+04
-1.865396093750000000e+04
-1.843544335937500000e+04
-1.821901757812500000e+04
-1.800467382812500000e+04
-1.779237109375000000e+04
-1.758210546875000000e+04
-1.737384765625000000e+04
-1.716758007812500000e+04
-1.696327343750000000e+04
-1.676091601562500000e+04
-1.656047265625000000e+04
-1.636193554687500000e+04
-1.616528710937500000e+04
-1.597051171875000000e+04
-1.577756640625000000e+04
-1.558647265625000000e+04
-1.539716015625000000e+04
-1.520965429687500000e+04
-1.502387304687500000e+04
-1.483988964843750000e+04
-1.465763671875000000e+04
-1.447709765625000000e+04
-1.429823632812500000e+04
-1.412107226562500000e+04
-1.394556054687500000e+04
-1.377169238281250000e+04
-1.359944433593750000e+04
-1.342883789062500000e+04
-1.325981445312500000e+04
-1.309236523437500000e+04
-1.292647656250000000e+04
-1.276214843750000000e+04
-1.259933789062500000e+04
-1.243805566406250000e+04
-1.227826953125000000e+04
-1.211996875000000000e+04
-1.196312988281250000e+04
-1.180775781250000000e+04
-1.165383203125000000e+04
-1.150132714843750000e+04
-1.135023046875000000e+04
-1.120053320312500000e+04
-1.105222070312500000e+04
-1.090529101562500000e+04
-1.075969921875000000e+04
-1.061548242187500000e+04
-1.047256835937500000e+04
-1.033097753906250000e+04
-1.019067871093750000e+04
-1.005171191406250000e+04
-9.914005859375000000e+03
-9.777548828125000000e+03
-9.642366210937500000e+03
-9.508404296875000000e+03
-9.375693359375000000e+03
-9.244205078125000000e+03
-9.113904296875000000e+03
-8.984801757812500000e+03
-8.856883789062500000e+03
-8.730138671875000000e+03
-8.604550781250000000e+03
-8.480117187500000000e+03
-8.356811523437500000e+03
-8.234651367187500000e+03
-8.113586914062500000e+03
-7.993655273437500000e+03
-7.874802734375000000e+03
-7.757034179687500000e+03
-7.640320312500000000e+03
-7.524705566406250000e+03
-7.410109863281250000e+03
-7.296597167968750000e+03
-7.184098632812500000e+03
-7.072615234375000000e+03
-6.962160644531250000e+03
-6.852703613281250000e+03
-6.744245117187500000e+03
-6.636771484375000000e+03
-6.530275390625000000e+03
-6.424754882812500000e+03
-6.320188476562500000e+03
-6.216569824218750000e+03
-6.113889160156250000e+03
-6.012160156250000000e+03
-5.911321289062500000e+03
-5.811433593750000000e+03
-5.712413574218750000e+03
-5.614335937500000000e+03
-5.517105957031250000e+03
-5.420791503906250000e+03
-5.325326660156250000e+03
-5.230752929687500000e+03
-5.137012207031250000e+03
-5.044134277343750000e+03
-4.952093750000000000e+03
-4.860886718750000000e+03
-4.770506347656250000e+03
-4.680950195312500000e+03
-4.592201660156250000e+03
-4.504266601562500000e+03
-4.417114257812500000e+03
-4.330765625000000000e+03
-4.245194335937500000e+03
-4.160395507812500000e+03
-4.076356933593750000e+03
-3.993096435546875000e+03
-3.910578613281250000e+03
-3.828814208984375000e+03
-3.747791992187500000e+03
-3.667508789062500000e+03
-3.587949218750000000e+03
-3.509119384765625000e+03
-3.430989746093750000e+03
-3.353578125000000000e+03
-3.276861572265625000e+03
-3.200856445312500000e+03
-3.125519531250000000e+03
-3.050893066406250000e+03
-2.976917236328125000e+03
-2.903637695312500000e+03
-2.831000732421875000e+03
-2.759040039062500000e+03
-2.687722656250000000e+03
-2.617069335937500000e+03
-2.547044921875000000e+03
-2.477664550781250000e+03
-2.408912597656250000e+03
-2.340789550781250000e+03
-2.273277587890625000e+03
-2.206398925781250000e+03
-2.140122802734375000e+03
-2.074444335937500000e+03
-2.009376464843750000e+03
-1.944890380859375000e+03
-1.880996337890625000e+03
-1.817693847656250000e+03
-1.754957275390625000e+03
-1.692804199218750000e+03
-1.631219238281250000e+03
-1.570186767578125000e+03
-1.509723632812500000e+03
-1.449809570312500000e+03
-1.390448486328125000e+03
-1.331635742187500000e+03
-1.273346191406250000e+03
-1.215611816406250000e+03
-1.158402587890625000e+03
-1.101719726562500000e+03
-1.045545898437500000e+03
-9.899199218750000000e+02
-9.347709960937500000e+02
-8.801533203125000000e+02
-8.260322265625000000e+02
-7.724082031250000000e+02
-7.192832031250000000e+02
-6.666435546875000000e+02
-6.144980468750000000e+02
-5.628320312500000000e+02
-5.116452636718750000e+02
-4.609394531250000000e+02
-4.106884765625000000e+02
-3.609311523437500000e+02
-3.116162109375000000e+02
-2.627631835937500000e+02
-2.143640136718750000e+02
-1.664230957031250000e+02
-1.189199218750000000e+02
-7.186767578125000000e+01
-2.525805664062500000e+01
2.091894531250000000e+01
6.666552734375000000e+01
1.119697265625000000e+02
1.568671875000000000e+02
2.013356933593750000e+02
2.453818359375000000e+02
2.890136718750000000e+02
3.322485351562500000e+02
3.750600585937500000e+02
4.174677734375000000e+02
4.594763183593750000e+02
5.010874023437500000e+02
5.423073730468750000e+02
5.831303710937500000e+02
6.235654296875000000e+02
6.636176757812500000e+02
7.032851562500000000e+02
7.425847167968750000e+02
7.814904785156250000e+02
8.200490722656250000e+02
8.582138671875000000e+02
8.960278320312500000e+02
9.334763183593750000e+02
9.705522460937500000e+02
1.007280761718750000e+03
1.043657958984375000e+03
1.079678710937500000e+03
1.115357910156250000e+03
1.150679077148437500e+03
1.185673095703125000e+03
1.220312133789062500e+03
1.254623657226562500e+03
1.288597412109375000e+03
1.322240112304687500e+03
1.355545043945312500e+03
1.388536132812500000e+03
1.421197753906250000e+03
1.453552001953125000e+03
1.485564575195312500e+03
1.517273559570312500e+03
1.548666870117187500e+03
1.579756225585937500e+03
1.610530395507812500e+03
1.640999755859375000e+03
1.671166870117187500e+03
1.701029174804687500e+03
1.730593383789062500e+03
1.759875000000000000e+03
1.788845947265625000e+03
1.817532348632812500e+03
1.845935058593750000e+03
1.874046997070312500e+03
1.901880859375000000e+03
1.929429077148437500e+03
1.956689575195312500e+03
1.983680419921875000e+03
2.010393554687500000e+03
2.036847412109375000e+03
2.063016601562500000e+03
2.088920898437500000e+03
2.114552246093750000e+03
2.139927001953125000e+03
2.165040039062500000e+03
2.189896240234375000e+03
2.214487304687500000e+03
2.238824218750000000e+03
2.262899169921875000e+03
2.286743652343750000e+03
2.310322753906250000e+03
2.333669677734375000e+03
2.356753417968750000e+03
2.379600097656250000e+03
2.402199218750000000e+03
2.424570312500000000e+03
2.446690429687500000e+03
2.468587890625000000e+03
2.490246093750000000e+03
2.511676757812500000e+03
2.532866210937500000e+03
2.553837646484375000e+03
2.574576904296875000e+03
2.595090332031250000e+03
2.615380859375000000e+03
2.635458496093750000e+03
2.655307128906250000e+03
2.674953613281250000e+03
2.694365722656250000e+03
2.713573242187500000e+03
2.732556884765625000e+03
2.751346679687500000e+03
2.769919189453125000e+03
2.788283203125000000e+03
2.806442382812500000e+03
2.824401855468750000e+03
2.842151367187500000e+03
2.859701416015625000e+03
2.877055175781250000e+03
2.894220703125000000e+03
2.911167480468750000e+03
2.927937255859375000e+03
2.944508789062500000e+03
2.960884277343750000e+03
2.977073242187500000e+03
2.993080322265625000e+03
3.008900634765625000e+03
3.024532226562500000e+03
3.039975097656250000e+03
3.055242919921875000e+03
3.070315917968750000e+03
3.085223632812500000e+03
3.099951171875000000e+03
3.114493652343750000e+03
3.128863525390625000e+03
3.143075927734375000e+03
3.157088867187500000e+03
3.170951660156250000e+03
3.184636230468750000e+03
3.198151123046875000e+03
3.211506347656250000e+03
3.224690673828125000e+03
3.237704101562500000e+03
3.250563476562500000e+03
3.263265136718750000e+03
3.275801269531250000e+03
3.288173095703125000e+03
3.300393554687500000e+03
3.312452880859375000e+03
3.324360595703125000e+03
3.336109375000000000e+03
3.347711669921875000e+03
3.359154785156250000e+03
3.370451171875000000e+03
3.381593261718750000e+03
3.392601074218750000e+03
3.403444824218750000e+03
3.414161132812500000e+03
3.424718994140625000e+03
3.435132812500000000e+03
3.445410400390625000e+03
3.455550781250000000e+03
3.465540527343750000e+03
3.475397460937500000e+03
3.485117187500000000e+03
3.494700683593750000e+03
3.504142089843750000e+03
3.513456787109375000e+03
3.522626953125000000e+03
3.531676269531250000e+03
3.540590332031250000e+03
3.549373046875000000e+03
3.558030029296875000e+03
3.566556152343750000e+03
3.574951904296875000e+03
3.583231933593750000e+03
3.591374023437500000e+03
3.599403320312500000e+03
3.607305175781250000e+03
3.615082763671875000e+03
3.622738769531250000e+03
3.630280273437500000e+03
3.637697265625000000e+03
3.644998046875000000e+03
3.652181396484375000e+03
3.659244873046875000e+03
3.666199218750000000e+03
3.673038574218750000e+03
3.679755371093750000e+03
3.686371826171875000e+03
3.692865234375000000e+03
3.699259521484375000e+03
3.705536132812500000e+03
3.711704101562500000e+03
3.717763427734375000e+03
3.723721191406250000e+03
3.729567138671875000e+03
3.735310546875000000e+03
3.740948974609375000e+03
3.746481689453125000e+03
3.751908203125000000e+03
3.757237548828125000e+03
3.762464599609375000e+03
3.767596679687500000e+03
3.772622070312500000e+03
3.777544921875000000e+03
3.782377929687500000e+03
3.787106933593750000e+03
3.791747802734375000e+03
3.796289550781250000e+03
3.800731933593750000e+03
3.805085937500000000e+03
3.809338378906250000e+03
3.813506347656250000e+03
3.817583496093750000e+03
3.821562500000000000e+03
3.825451660156250000e+03
3.829256835937500000e+03
3.832976562500000000e+03
3.836603515625000000e+03
3.840135498046875000e+03
3.843597167968750000e+03
3.846957031250000000e+03
3.850239746093750000e+03
3.853432373046875000e+03
3.856547851562500000e+03
3.859576171875000000e+03
3.862524414062500000e+03
3.865387939453125000e+03
3.868172851562500000e+03
3.870875488281250000e+03
3.873505126953125000e+03
3.876041015625000000e+03
3.878512451171875000e+03
3.880900634765625000e+03
3.883212158203125000e+03
3.885443603515625000e+03
3.887610595703125000e+03
3.889686523437500000e+03
3.891699218750000000e+03
3.893632324218750000e+03
3.895491210937500000e+03
3.897279785156250000e+03
3.899000732421875000e+03
3.900640625000000000e+03
3.902221191406250000e+03
3.903720947265625000e+03
3.905160644531250000e+03
3.906523681640625000e+03
3.907819335937500000e+03
3.909042968750000000e+03
3.910208984375000000e+03
3.911301757812500000e+03
3.912336669921875000e+03
3.913299072265625000e+03
3.914193115234375000e+03
3.915024414062500000e+03
3.915791503906250000e+03
3.916500000000000000e+03
3.917144287109375000e+03
3.917726806640625000e+03
3.918244628906250000e+03
3.918698730468750000e+03
3.919097167968750000e+03
3.919431152343750000e+03
3.919708496093750000e+03
3.919926269531250000e+03
3.920085937500000000e+03
3.920182128906250000e+03
3.920227539062500000e+03
3.920205810546875000e+03
3.920142578125000000e+03
3.920011474609375000e+03
3.919831054687500000e+03
3.919584960937500000e+03
3.919293212890625000e+03
3.918948242187500000e+03
3.918548095703125000e+03
3.918083740234375000e+03
3.917583496093750000e+03
3.917020019531250000e+03
3.916407470703125000e+03
3.915743652343750000e+03
3.915032226562500000e+03
3.914261962890625000e+03
3.913452148437500000e+03
3.912583007812500000e+03
3.911672119140625000e+03
3.910704833984375000e+03
3.909692138671875000e+03
3.908634033203125000e+03
3.907528808593750000e+03
3.906371093750000000e+03
3.905171386718750000e+03
3.903920654296875000e+03
3.902628906250000000e+03
3.901290771484375000e+03
3.899907226562500000e+03
3.898478515625000000e+03
3.897005371093750000e+03
3.895489257812500000e+03
3.893930908203125000e+03
3.892326904296875000e+03
3.890683105468750000e+03
3.888994140625000000e+03
3.887268066406250000e+03
3.885498291015625000e+03
3.883689208984375000e+03
3.881829101562500000e+03
3.879937744140625000e+03
3.878003662109375000e+03
3.876031005859375000e+03
3.874019531250000000e+03
3.871969970703125000e+03
3.869881347656250000e+03
3.867755859375000000e+03
3.865586914062500000e+03
3.863391601562500000e+03
3.861150146484375000e+03
3.858874023437500000e+03
3.856561035156250000e+03
3.854214355468750000e+03
3.851832519531250000e+03
3.849407714843750000e+03
3.846951660156250000e+03
3.844465576171875000e+03
3.841942382812500000e+03
3.839385253906250000e+03
3.836790527343750000e+03
3.834171875000000000e+03
3.831510253906250000e+03
3.828821777343750000e+03
3.826097412109375000e+03
3.823342773437500000e+03
3.820557861328125000e+03
3.817740966796875000e+03
3.814888183593750000e+03
3.812012939453125000e+03
3.809102539062500000e+03
3.806160156250000000e+03
3.803186767578125000e+03
3.800192871093750000e+03
3.797161865234375000e+03
3.794106445312500000e+03
3.791013671875000000e+03
3.787896972656250000e+03
3.784758056640625000e+03
3.781586425781250000e+03
3.778380371093750000e+03
3.775159423828125000e+03
3.771904541015625000e+03
3.768625732421875000e+03
3.765313720703125000e+03
3.761984130859375000e+03
3.758626953125000000e+03
3.755239257812500000e+03
3.751831054687500000e+03
3.748396484375000000e+03
3.744931152343750000e+03
3.741448486328125000e+03
3.737934082031250000e+03
3.734403320312500000e+03
3.730844970703125000e+03
3.727266357421875000e+03
3.723661376953125000e+03
3.720034423828125000e+03
3.716381347656250000e+03
3.712708007812500000e+03
3.709014160156250000e+03
3.705298339843750000e+03
3.701553466796875000e+03
3.697796630859375000e+03
3.694010009765625000e+03
3.690210205078125000e+03
3.686384277343750000e+03
3.682540039062500000e+03
3.678671875000000000e+03
3.674787597656250000e+03
3.670881103515625000e+03
3.666957519531250000e+03
3.663006835937500000e+03
3.659043945312500000e+03
3.655057861328125000e+03
3.651061767578125000e+03
3.647034667968750000e+03
3.642994873046875000e+03
3.638931640625000000e+03
3.634858886718750000e+03
3.630763183593750000e+03
3.626650390625000000e+03
3.622522949218750000e+03
3.618375000000000000e+03
3.614210937500000000e+03
3.610033691406250000e+03
3.605830810546875000e+03
3.601620605468750000e+03
3.597388183593750000e+03
3.593143066406250000e+03
3.588878417968750000e+03
3.584606689453125000e+03
3.580307617187500000e+03
3.576001953125000000e+03
3.571678222656250000e+03
3.567341064453125000e+03
