5.226759127040000000e+11
-1.983384166400000000e+10
-1.178478387200000000e+10
-7.819666432000000000e+09
-5.416182272000000000e+09
-3.923761664000000000e+09
-2.912769280000000000e+09
-2.220595200000000000e+09
-1.720562048000000000e+09
-1.357346176000000000e+09
-1.083524992000000000e+09
-8.763469440000000000e+08
-7.152526720000000000e+08
-5.896038400000000000e+08
-4.895390720000000000e+08
-4.096052800000000000e+08
-3.447045440000000000e+08
-2.918428480000000000e+08
-2.482255840000000000e+08
-2.121189440000000000e+08
-1.819155680000000000e+08
-1.565674880000000000e+08
-1.351120640000000000e+08
-1.168929920000000000e+08
-1.013132240000000000e+08
-8.794922400000000000e+07
-7.641916000000000000e+07
-6.644240800000000000e+07
-5.776802800000000000e+07
-5.020577200000000000e+07
-4.358657200000000000e+07
-3.777879200000000000e+07
-3.266594200000000000e+07
-2.815520800000000000e+07
-2.416470200000000000e+07
-2.062784200000000000e+07
-1.748598800000000000e+07
-1.469064200000000000e+07
-1.219908300000000000e+07
-9.975465000000000000e+06
-7.988194000000000000e+06
-6.210419500000000000e+06
-4.618439000000000000e+06
-3.191898500000000000e+06
-1.912788000000000000e+06
-7.654955000000000000e+05
2.638215000000000000e+05
1.187264000000000000e+06
2.015582000000000000e+06
2.758245500000000000e+06
3.423693500000000000e+06
4.019396000000000000e+06
4.552035000000000000e+06
5.027558000000000000e+06
5.451294000000000000e+06
5.828017500000000000e+06
6.162012000000000000e+06
6.457129500000000000e+06
6.716845500000000000e+06
6.944282000000000000e+06
7.142279000000000000e+06
7.313391000000000000e+06
7.459936000000000000e+06
7.584021000000000000e+06
7.687555000000000000e+06
7.772281000000000000e+06
7.839776500000000000e+06
7.891490500000000000e+06
7.928742000000000000e+06
7.952730000000000000e+06
7.964561000000000000e+06
7.965241000000000000e+06
7.955693000000000000e+06
7.936768500000000000e+06
7.909244000000000000e+06
7.873833000000000000e+06
7.831195000000000000e+06
7.781938500000000000e+06
7.726613500000000000e+06
7.665738000000000000e+06
7.599786000000000000e+06
7.529196000000000000e+06
7.454370000000000000e+06
7.375682000000000000e+06
7.293478500000000000e+06
7.208075000000000000e+06
7.119766000000000000e+06
7.028831000000000000e+06
6.935518000000000000e+06
6.840066000000000000e+06
6.742689000000000000e+06
6.643587000000000000e+06
6.542952500000000000e+06
6.440956000000000000e+06
6.337762000000000000e+06
6.233512000000000000e+06
6.128355000000000000e+06
6.022413000000000000e+06
5.915808000000000000e+06
5.808652000000000000e+06
5.701048000000000000e+06
5.593090000000000000e+06
5.484871000000000000e+06
5.376470000000000000e+06
5.267967500000000000e+06
5.159430000000000000e+06
5.050928500000000000e+06
4.942523000000000000e+06
4.834268000000000000e+06
4.726218000000000000e+06
4.618426000000000000e+06
4.510929000000000000e+06
4.403776000000000000e+06
4.297005500000000000e+06
4.190651000000000000e+06
4.084746000000000000e+06
3.979323000000000000e+06
3.874407500000000000e+06
3.770026000000000000e+06
3.666204500000000000e+06
3.562963500000000000e+06
3.460324000000000000e+06
3.358304000000000000e+06
3.256920000000000000e+06
3.156189000000000000e+06
3.056121500000000000e+06
2.956735000000000000e+06
2.858034500000000000e+06
2.760034000000000000e+06
2.662744500000000000e+06
2.566172500000000000e+06
2.470321000000000000e+06
2.375204000000000000e+06
2.280819000000000000e+06
2.187175500000000000e+06
2.094278000000000000e+06
2.002128000000000000e+06
1.910727000000000000e+06
1.820080500000000000e+06
1.730184000000000000e+06
1.641047500000000000e+06
1.552661000000000000e+06
1.465035500000000000e+06
1.378162000000000000e+06
1.292039000000000000e+06
1.206673000000000000e+06
1.122058000000000000e+06
1.038192000000000000e+06
9.550755000000000000e+05
8.726990000000000000e+05
7.910685000000000000e+05
7.101760000000000000e+05
6.300215000000000000e+05
5.505975000000000000e+05
4.719035000000000000e+05
3.939350000000000000e+05
3.166880000000000000e+05
2.401595000000000000e+05
1.643420000000000000e+05
8.923450000000000000e+04
1.483100000000000000e+04
-5.887300000000000000e+04
-1.318780000000000000e+05
-2.041975000000000000e+05
-2.758270000000000000e+05
-3.467790000000000000e+05
-4.170530000000000000e+05
-4.866575000000000000e+05
-5.555950000000000000e+05
-6.238735000000000000e+05
-6.914980000000000000e+05
-7.584680000000000000e+05
-8.247965000000000000e+05
-8.904845000000000000e+05
-9.555360000000000000e+05
-1.019962500000000000e+06
-1.083764000000000000e+06
-1.146946000000000000e+06
-1.209513500000000000e+06
-1.271475000000000000e+06
-1.332835000000000000e+06
-1.393596000000000000e+06
-1.453766500000000000e+06
-1.513352000000000000e+06
-1.572354000000000000e+06
-1.630780500000000000e+06
-1.688636000000000000e+06
-1.745925000000000000e+06
-1.802656000000000000e+06
-1.858833500000000000e+06
-1.914461000000000000e+06
-1.969540000000000000e+06
-2.024083500000000000e+06
-2.078093000000000000e+06
-2.131570500000000000e+06
-2.184525000000000000e+06
-2.236960500000000000e+06
-2.288883000000000000e+06
-2.340296000000000000e+06
-2.391204500000000000e+06
-2.441613000000000000e+06
-2.491527500000000000e+06
-2.540953000000000000e+06
-2.589893000000000000e+06
-2.638354000000000000e+06
-2.686337000000000000e+06
-2.733854000000000000e+06
-2.780900500000000000e+06
-2.827488000000000000e+06
-2.873618000000000000e+06
-2.919296500000000000e+06
-2.964526500000000000e+06
-3.009314000000000000e+06
-3.053660500000000000e+06
-3.097574500000000000e+06
-3.141057500000000000e+06
-3.184115000000000000e+06
-3.226749500000000000e+06
-3.268969000000000000e+06
-3.310772500000000000e+06
-3.352170500000000000e+06
-3.393159500000000000e+06
-3.433751000000000000e+06
-3.473944500000000000e+06
-3.513743500000000000e+06
-3.553157000000000000e+06
-3.592181500000000000e+06
-3.630827000000000000e+06
-3.669095500000000000e+06
-3.706988500000000000e+06
-3.744515500000000000e+06
-3.781673000000000000e+06
-3.818471000000000000e+06
-3.854909500000000000e+06
-3.890991000000000000e+06
-3.926722000000000000e+06
-3.962106500000000000e+06
-3.997143500000000000e+06
-4.031843500000000000e+06
-4.066203000000000000e+06
-4.100229500000000000e+06
-4.133926500000000000e+06
-4.167296500000000000e+06
-4.200340000000000000e+06
-4.233064000000000000e+06
-4.265470000000000000e+06
-4.297560500000000000e+06
-4.329341000000000000e+06
-4.360815500000000000e+06
-4.391981500000000000e+06
-4.422847500000000000e+06
-4.453414000000000000e+06
-4.483684500000000000e+06
-4.513662500000000000e+06
-4.543350000000000000e+06
-4.572751000000000000e+06
-4.601866500000000000e+06
-4.630703500000000000e+06
-4.659259500000000000e+06
-4.687539000000000000e+06
-4.715547000000000000e+06
-4.743285000000000000e+06
-4.770755500000000000e+06
-4.797961000000000000e+06
-4.824903000000000000e+06
-4.851587000000000000e+06
-4.878012000000000000e+06
-4.904184000000000000e+06
-4.930103000000000000e+06
-4.955774500000000000e+06
-4.981196500000000000e+06
-5.006376000000000000e+06
-5.031311500000000000e+06
-5.056008500000000000e+06
-5.080468000000000000e+06
-5.104692500000000000e+06
-5.128682500000000000e+06
-5.152445500000000000e+06
-5.175979500000000000e+06
-5.199286000000000000e+06
-5.222371000000000000e+06
-5.245233000000000000e+06
-5.267877000000000000e+06
-5.290302000000000000e+06
-5.312512500000000000e+06
-5.334509500000000000e+06
-5.356299000000000000e+06
-5.377875500000000000e+06
-5.399248000000000000e+06
-5.420414000000000000e+06
-5.441380500000000000e+06
-5.462146000000000000e+06
-5.482709000000000000e+06
-5.503078500000000000e+06
-5.523251500000000000e+06
-5.543232000000000000e+06
-5.563023000000000000e+06
-5.582620500000000000e+06
-5.602034500000000000e+06
-5.621261500000000000e+06
-5.640304500000000000e+06
-5.659166500000000000e+06
-5.677845500000000000e+06
-5.696349500000000000e+06
-5.714674500000000000e+06
-5.732824000000000000e+06
-5.750802500000000000e+06
-5.768608000000000000e+06
-5.786243500000000000e+06
-5.803710000000000000e+06
-5.821008500000000000e+06
-5.838144000000000000e+06
-5.855114500000000000e+06
-5.871924500000000000e+06
-5.888571500000000000e+06
-5.905061500000000000e+06
-5.921393500000000000e+06
-5.937568500000000000e+06
-5.953589500000000000e+06
-5.969456000000000000e+06
-5.985173500000000000e+06
-6.000739500000000000e+06
-6.016156500000000000e+06
-6.031427500000000000e+06
-6.046552000000000000e+06
-6.061531000000000000e+06
-6.076365500000000000e+06
-6.091060000000000000e+06
-6.105613500000000000e+06
-6.120026500000000000e+06
-6.134304500000000000e+06
-6.148444000000000000e+06
-6.162448000000000000e+06
-6.176318500000000000e+06
-6.190056500000000000e+06
-6.203663000000000000e+06
-6.217137000000000000e+06
-6.230484500000000000e+06
-6.243703000000000000e+06
-6.256795500000000000e+06
-6.269761000000000000e+06
-6.282602000000000000e+06
-6.295320000000000000e+06
-6.307916500000000000e+06
-6.320393000000000000e+06
-6.332748000000000000e+06
-6.344984000000000000e+06
-6.357103500000000000e+06
-6.369106000000000000e+06
-6.380994000000000000e+06
-6.392764500000000000e+06
-6.404423500000000000e+06
-6.415972000000000000e+06
-6.427406500000000000e+06
-6.438732000000000000e+06
-6.449946500000000000e+06
-6.461055000000000000e+06
-6.472055500000000000e+06
-6.482949500000000000e+06
-6.493738000000000000e+06
-6.504422500000000000e+06
-6.515003000000000000e+06
-6.525481500000000000e+06
-6.535856500000000000e+06
-6.546134000000000000e+06
-6.556310000000000000e+06
-6.566387500000000000e+06
-6.576367000000000000e+06
-6.586248000000000000e+06
-6.596036500000000000e+06
-6.605725000000000000e+06
-6.615322500000000000e+06
-6.624825500000000000e+06
-6.634237000000000000e+06
-6.643554000000000000e+06
-6.652782000000000000e+06
-6.661917000000000000e+06
-6.670965000000000000e+06
-6.679924000000000000e+06
-6.688793500000000000e+06
-6.697578000000000000e+06
-6.706275000000000000e+06
-6.714887000000000000e+06
-6.723414000000000000e+06
-6.731857000000000000e+06
-6.740216000000000000e+06
-6.748493000000000000e+06
-6.756688000000000000e+06
-6.764802000000000000e+06
-6.772835000000000000e+06
-6.780790000000000000e+06
-6.788665000000000000e+06
-6.796461000000000000e+06
-6.804181000000000000e+06
-6.811823000000000000e+06
-6.819391000000000000e+06
-6.826881000000000000e+06
-6.834295500000000000e+06
-6.841637500000000000e+06
-6.848905000000000000e+06
-6.856101000000000000e+06
-6.863223500000000000e+06
-6.870273500000000000e+06
-6.877254000000000000e+06
-6.884165000000000000e+06
-6.891004000000000000e+06
-6.897774000000000000e+06
-6.904476500000000000e+06
-6.911110000000000000e+06
-6.917675500000000000e+06
-6.924176000000000000e+06
-6.930609000000000000e+06
-6.936976000000000000e+06
-6.943280000000000000e+06
-6.949518000000000000e+06
-6.955691000000000000e+06
-6.961802500000000000e+06
-6.967850000000000000e+06
-6.973835500000000000e+06
-6.979760500000000000e+06
-6.985621500000000000e+06
-6.991423000000000000e+06
-6.997165000000000000e+06
-7.002846500000000000e+06
-7.008469500000000000e+06
-7.014034000000000000e+06
-7.019539000000000000e+06
-7.024987000000000000e+06
-7.030377000000000000e+06
-7.035711000000000000e+06
-7.040989500000000000e+06
-7.046212500000000000e+06
-7.051378000000000000e+06
-7.056491500000000000e+06
-7.061548000000000000e+06
-7.066552500000000000e+06
-7.071503000000000000e+06
-7.076400000000000000e+06
-7.081245000000000000e+06
-7.086038000000000000e+06
-7.090778500000000000e+06
-7.095468500000000000e+06
-7.100106000000000000e+06
-7.104696000000000000e+06
-7.109234000000000000e+06
-7.113725000000000000e+06
-7.118166000000000000e+06
-7.122556500000000000e+06
-7.126900500000000000e+06
-7.131194500000000000e+06
-7.135442000000000000e+06
-7.139644000000000000e+06
-7.143798000000000000e+06
-7.147905000000000000e+06
-7.151968000000000000e+06
-7.155983000000000000e+06
-7.159955000000000000e+06
-7.163881000000000000e+06
-7.167763500000000000e+06
-7.171601500000000000e+06
-7.175397000000000000e+06
-7.179147500000000000e+06
-7.182854500000000000e+06
-7.186522000000000000e+06
-7.190145000000000000e+06
-7.193725500000000000e+06
-7.197266500000000000e+06
-7.200765000000000000e+06
-7.204223500000000000e+06
-7.207641000000000000e+06
-7.211018000000000000e+06
-7.214355000000000000e+06
-7.217652000000000000e+06
-7.220909500000000000e+06
-7.224131000000000000e+06
-7.227312000000000000e+06
-7.230454500000000000e+06
-7.233559000000000000e+06
-7.236628000000000000e+06
-7.239657000000000000e+06
-7.242650500000000000e+06
-7.245607000000000000e+06
-7.248526000000000000e+06
-7.251410000000000000e+06
-7.254256500000000000e+06
-7.257068500000000000e+06
-7.259846500000000000e+06
-7.262589000000000000e+06
-7.265296000000000000e+06
-7.267970000000000000e+06
-7.270608000000000000e+06
-7.273212000000000000e+06
-7.275785000000000000e+06
-7.278322000000000000e+06
-7.280828000000000000e+06
-7.283299500000000000e+06
-7.285739000000000000e+06
-7.288146000000000000e+06
-7.290522500000000000e+06
-7.292867000000000000e+06
-7.295179500000000000e+06
-7.297459500000000000e+06
-7.299710000000000000e+06
-7.301928500000000000e+06
-7.304119000000000000e+06
-7.306278500000000000e+06
-7.308406000000000000e+06
-7.310505000000000000e+06
-7.312574500000000000e+06
-7.314615000000000000e+06
-7.316625000000000000e+06
-7.318608000000000000e+06
-7.320561000000000000e+06
-7.322487000000000000e+06
-7.324384000000000000e+06
-7.326253000000000000e+06
-7.328095500000000000e+06
-7.329909000000000000e+06
-7.331695000000000000e+06
-7.333455000000000000e+06
-7.335188000000000000e+06
-7.336893500000000000e+06
-7.338573500000000000e+06
-7.340228000000000000e+06
-7.341856500000000000e+06
-7.343456500000000000e+06
-7.345033000000000000e+06
-7.346584500000000000e+06
-7.348110000000000000e+06
-7.349610500000000000e+06
-7.351087000000000000e+06
-7.352537000000000000e+06
-7.353965000000000000e+06
-7.355367000000000000e+06
-7.356746000000000000e+06
-7.358101000000000000e+06
-7.359432000000000000e+06
-7.360738000000000000e+06
-7.362023000000000000e+06
-7.363283500000000000e+06
-7.364522000000000000e+06
-7.365739000000000000e+06
-7.366930500000000000e+06
-7.368100000000000000e+06
-7.369248500000000000e+06
-7.370374000000000000e+06
-7.371477500000000000e+06
-7.372561500000000000e+06
-7.373623500000000000e+06
-7.374662000000000000e+06
-7.375682000000000000e+06
-7.376678000000000000e+06
-7.377654000000000000e+06
-7.378611000000000000e+06
-7.379545000000000000e+06
-7.380459500000000000e+06
-7.381356000000000000e+06
-7.382229000000000000e+06
-7.383083000000000000e+06
-7.383918500000000000e+06
-7.384732000000000000e+06
-7.385527000000000000e+06
-7.386305000000000000e+06
-7.387060000000000000e+06
-7.387797500000000000e+06
-7.388517000000000000e+06
-7.389216500000000000e+06
-7.389898500000000000e+06
-7.390562000000000000e+06
-7.391206000000000000e+06
-7.391832000000000000e+06
-7.392440500000000000e+06
-7.393030000000000000e+06
-7.393603000000000000e+06
-7.394157000000000000e+06
-7.394695500000000000e+06
-7.395215000000000000e+06
-7.395717000000000000e+06
-7.396202500000000000e+06
-7.396671500000000000e+06
-7.397124000000000000e+06
-7.397558000000000000e+06
-7.397976500000000000e+06
-7.398377500000000000e+06
-7.398763000000000000e+06
-7.399132000000000000e+06
-7.399483500000000000e+06
-7.399821000000000000e+06
-7.400141000000000000e+06
-7.400447000000000000e+06
-7.400737500000000000e+06
-7.401010000000000000e+06
-7.401269500000000000e+06
-7.401511000000000000e+06
-7.401740000000000000e+06
-7.401953000000000000e+06
-7.402151000000000000e+06
-7.402333000000000000e+06
-7.402501000000000000e+06
-7.402655000000000000e+06
-7.402794500000000000e+06
-7.402918500000000000e+06
-7.403030000000000000e+06
-7.403125500000000000e+06
-7.403206500000000000e+06
-7.403275000000000000e+06
-7.403328500000000000e+06
-7.403369000000000000e+06
-7.403395500000000000e+06
-7.403407500000000000e+06
-7.403408000000000000e+06
-7.403392500000000000e+06
-7.403366000000000000e+06
-7.403325000000000000e+06
-7.403271000000000000e+06
-7.403205500000000000e+06
-7.403125000000000000e+06
-7.403032000000000000e+06
-7.402927000000000000e+06
-7.402810500000000000e+06
-7.402679000000000000e+06
-7.402535000000000000e+06
-7.402381500000000000e+06
-7.402213000000000000e+06
-7.402034000000000000e+06
-7.401841000000000000e+06
-7.401638000000000000e+06
-7.401421500000000000e+06
-7.401194500000000000e+06
-7.400954500000000000e+06
-7.400704000000000000e+06
-7.400441000000000000e+06
-7.400166000000000000e+06
-7.399881000000000000e+06
-7.399584000000000000e+06
-7.399276000000000000e+06
-7.398956000000000000e+06
-7.398626000000000000e+06
-7.398284000000000000e+06
-7.397932000000000000e+06
-7.397569000000000000e+06
-7.397195000000000000e+06
-7.396809000000000000e+06
-7.396414000000000000e+06
-7.396008000000000000e+06
-7.395591000000000000e+06
-7.395165500000000000e+06
-7.394728000000000000e+06
-7.394279000000000000e+06
-7.393822500000000000e+06
-7.393354000000000000e+06
-7.392876000000000000e+06
-7.392388500000000000e+06
-7.391890000000000000e+06
-7.391382500000000000e+06
-7.390864000000000000e+06
-7.390338000000000000e+06
-7.389801000000000000e+06
-7.389254500000000000e+06
-7.388699500000000000e+06
-7.388134000000000000e+06
-7.387559000000000000e+06
-7.386975000000000000e+06
-7.386383000000000000e+06
-7.385779500000000000e+06
-7.385169000000000000e+06
-7.384548000000000000e+06
-7.383918000000000000e+06
-7.383281000000000000e+06
-7.382634000000000000e+06
-7.381977500000000000e+06
-7.381313000000000000e+06
-7.380640000000000000e+06
-7.379958000000000000e+06
-7.379267000000000000e+06
-7.378569000000000000e+06
-7.377860000000000000e+06
-7.377145000000000000e+06
-7.376421000000000000e+06
-7.375688500000000000e+06
-7.374948000000000000e+06
-7.374199000000000000e+06
-7.373442000000000000e+06
-7.372679000000000000e+06
-7.371904500000000000e+06
-7.371124000000000000e+06
-7.370336000000000000e+06
-7.369539000000000000e+06
-7.368735000000000000e+06
-7.367923000000000000e+06
-7.367103500000000000e+06
-7.366277000000000000e+06
-7.365442000000000000e+06
-7.364599000000000000e+06
-7.363749000000000000e+06
-7.362892000000000000e+06
-7.362028000000000000e+06
-7.361156500000000000e+06
-7.360278000000000000e+06
-7.359392000000000000e+06
-7.358498500000000000e+06
-7.357598000000000000e+06
-7.356690000000000000e+06
-7.355776500000000000e+06
-7.354856000000000000e+06
-7.353926500000000000e+06
-7.352991000000000000e+06
-7.352050000000000000e+06
-7.351101000000000000e+06
-7.350145000000000000e+06
-7.349183000000000000e+06
-7.348214500000000000e+06
-7.347239500000000000e+06
-7.346257000000000000e+06
-7.345269000000000000e+06
-7.344273500000000000e+06
-7.343272000000000000e+06
-7.342265000000000000e+06
-7.341250500000000000e+06
-7.340231000000000000e+06
-7.339204000000000000e+06
-7.338172000000000000e+06
-7.337133000000000000e+06
-7.336087000000000000e+06
-7.335035000000000000e+06
-7.333979000000000000e+06
-7.332915500000000000e+06
-7.331846000000000000e+06
-7.330771500000000000e+06
-7.329691000000000000e+06
-7.328604500000000000e+06
-7.327511000000000000e+06
-7.326412000000000000e+06
-7.325308000000000000e+06
-7.324198000000000000e+06
-7.323083500000000000e+06
-7.321961000000000000e+06
-7.320834000000000000e+06
-7.319702000000000000e+06
-7.318564000000000000e+06
-7.317420000000000000e+06
-7.316272500000000000e+06
-7.315118000000000000e+06
-7.313959000000000000e+06
-7.312794000000000000e+06
-7.311624000000000000e+06
-7.310448000000000000e+06
-7.309267000000000000e+06
-7.308081000000000000e+06
-7.306890000000000000e+06
-7.305694000000000000e+06
-7.304493000000000000e+06
-7.303286000000000000e+06
-7.302075000000000000e+06
-7.300859000000000000e+06
-7.299638000000000000e+06
-7.298411500000000000e+06
-7.297180000000000000e+06
-7.295944000000000000e+06
-7.294703000000000000e+06
-7.293457000000000000e+06
-7.292207000000000000e+06
-7.290951000000000000e+06
-7.289692000000000000e+06
-7.288426000000000000e+06
-7.287159500000000000e+06
-7.285884000000000000e+06
-7.284605000000000000e+06
-7.283322500000000000e+06
-7.282034500000000000e+06
-7.280741500000000000e+06
-7.279445000000000000e+06
-7.278144000000000000e+06
-7.276837500000000000e+06
-7.275528000000000000e+06
-7.274214500000000000e+06
-7.272896000000000000e+06
-7.271573000000000000e+06
-7.270245000000000000e+06
-7.268913500000000000e+06
-7.267578500000000000e+06
-7.266238000000000000e+06
-7.264893000000000000e+06
-7.263545000000000000e+06
-7.262192000000000000e+06
-7.260836000000000000e+06
-7.259475000000000000e+06
-7.258109500000000000e+06
-7.256741500000000000e+06
-7.255368500000000000e+06
-7.253991500000000000e+06
-7.252611500000000000e+06
-7.251227000000000000e+06
-7.249838000000000000e+06
-7.248445000000000000e+06
-7.247049000000000000e+06
-7.245649000000000000e+06
-7.244245000000000000e+06
-7.242837000000000000e+06
-7.241425000000000000e+06
-7.240010500000000000e+06
-7.238592000000000000e+06
-7.237168000000000000e+06
-7.235742000000000000e+06
-7.234311500000000000e+06
-7.232878000000000000e+06
-7.231440000000000000e+06
-7.229999000000000000e+06
-7.228554500000000000e+06
-7.227105000000000000e+06
-7.225656000000000000e+06
-7.224200500000000000e+06
-7.222740000000000000e+06
-7.221279000000000000e+06
-7.219814000000000000e+06
-7.218345000000000000e+06
-7.216872000000000000e+06
-7.215397500000000000e+06
-7.213919000000000000e+06
-7.212435500000000000e+06
-7.210950000000000000e+06
-7.209460500000000000e+06
-7.207968500000000000e+06
-7.206474000000000000e+06
-7.204973500000000000e+06
-7.203472500000000000e+06
-7.201968000000000000e+06
-7.200459500000000000e+06
-7.198947000000000000e+06
-7.197432500000000000e+06
-7.195916000000000000e+06
-7.194394000000000000e+06
-7.192870500000000000e+06
-7.191344000000000000e+06
-7.189813000000000000e+06
-7.188280500000000000e+06
-7.186744000000000000e+06
-7.185205000000000000e+06
-7.183663000000000000e+06
-7.182118500000000000e+06
-7.180570500000000000e+06
-7.179019000000000000e+06
-7.177466000000000000e+06
-7.175909000000000000e+06
-7.174350000000000000e+06
-7.172786000000000000e+06
-7.171221000000000000e+06
-7.169653000000000000e+06
-7.168082000000000000e+06
-7.166508000000000000e+06
-7.164932000000000000e+06
-7.163353000000000000e+06
-7.161770000000000000e+06
-7.160185500000000000e+06
-7.158599000000000000e+06
-7.157007500000000000e+06
-7.155417000000000000e+06
-7.153820500000000000e+06
-7.152222000000000000e+06
-7.150621500000000000e+06
-7.149018500000000000e+06
-7.147412000000000000e+06
-7.145803000000000000e+06
-7.144191000000000000e+06
-7.142578000000000000e+06
-7.140962000000000000e+06
-7.139343500000000000e+06
-7.137722000000000000e+06
-7.136098500000000000e+06
-7.134472000000000000e+06
-7.132844000000000000e+06
-7.131211500000000000e+06
-7.129578000000000000e+06
-7.127942500000000000e+06
-7.126302500000000000e+06
-7.124662000000000000e+06
-7.123019000000000000e+06
-7.121372000000000000e+06
-7.119724000000000000e+06
-7.118075000000000000e+06
-7.116422000000000000e+06
-7.114767000000000000e+06
-7.113109000000000000e+06
-7.111449000000000000e+06
-7.109787000000000000e+06
-7.108124000000000000e+06
-7.106456500000000000e+06
-7.104787000000000000e+06
-7.103116000000000000e+06
-7.101444000000000000e+06
-7.099766000000000000e+06
-7.098090500000000000e+06
-7.096410500000000000e+06
-7.094728000000000000e+06
-7.093044000000000000e+06
-7.091358000000000000e+06
-7.089669000000000000e+06
-7.087980000000000000e+06
-7.086285000000000000e+06
-7.084591000000000000e+06
-7.082894500000000000e+06
-7.081195500000000000e+06
-7.079494000000000000e+06
-7.077791000000000000e+06
-7.076085000000000000e+06
-7.074378500000000000e+06
-7.072670000000000000e+06
-7.070959500000000000e+06
-7.069246000000000000e+06
-7.067530500000000000e+06
-7.065812500000000000e+06
-7.064093000000000000e+06
-7.062373500000000000e+06
-7.060650000000000000e+06
-7.058924000000000000e+06
-7.057197000000000000e+06
-7.055468500000000000e+06
-7.053738500000000000e+06
-7.052005000000000000e+06
-7.050270500000000000e+06
-7.048534500000000000e+06
-7.046795000000000000e+06
-7.045055000000000000e+06
-7.043314500000000000e+06
-7.041569000000000000e+06
-7.039825000000000000e+06
-7.038078000000000000e+06
-7.036327500000000000e+06
-7.034577500000000000e+06
-7.032824500000000000e+06
-7.031070500000000000e+06
-7.029313000000000000e+06
-7.027555500000000000e+06
-7.025796500000000000e+06
-7.024035000000000000e+06
-7.022271000000000000e+06
-7.020506000000000000e+06
-7.018739500000000000e+06
-7.016971000000000000e+06
-7.015201000000000000e+06
-7.013429000000000000e+06
-7.011655500000000000e+06
-7.009881000000000000e+06
-7.008104500000000000e+06
-7.006326000000000000e+06
-7.004545500000000000e+06
-7.002764000000000000e+06
-7.000981000000000000e+06
-6.999197000000000000e+06
-6.997410000000000000e+06
-6.995621000000000000e+06
-6.993830000000000000e+06
-6.992040500000000000e+06
-6.990248000000000000e+06
-6.988454000000000000e+06
-6.986658000000000000e+06
-6.984860000000000000e+06
-6.983061000000000000e+06
-6.981260000000000000e+06
-6.979458000000000000e+06
-6.977656000000000000e+06
-6.975850000000000000e+06
-6.974043500000000000e+06
-6.972235000000000000e+06
-6.970425500000000000e+06
-6.968615000000000000e+06
-6.966802000000000000e+06
-6.964988000000000000e+06
-6.963172000000000000e+06
-6.961355000000000000e+06
-6.959538000000000000e+06
-6.957718500000000000e+06
-6.955897500000000000e+06
-6.954075000000000000e+06
-6.952251000000000000e+06
-6.950426000000000000e+06
-6.948599000000000000e+06
-6.946771500000000000e+06
-6.944942000000000000e+06
-6.943110500000000000e+06
-6.941279500000000000e+06
-6.939444500000000000e+06
-6.937611000000000000e+06
-6.935774500000000000e+06
-6.933937000000000000e+06
-6.932099000000000000e+06
-6.930258000000000000e+06
-6.928417000000000000e+06
-6.926575000000000000e+06
-6.924730500000000000e+06
-6.922885000000000000e+06
-6.921038000000000000e+06
-6.919190000000000000e+06
-6.917342000000000000e+06
-6.915491000000000000e+06
-6.913640500000000000e+06
-6.911787500000000000e+06
-6.909932500000000000e+06
-6.908077000000000000e+06
-6.906220000000000000e+06
