1.396816478208000000e+13
-7.205011456000000000e+10
-1.055799398400000000e+10
-1.056533094400000000e+10
-3.404870144000000000e+09
-3.539123968000000000e+09
-1.553024000000000000e+09
-1.613969280000000000e+09
-8.570853760000000000e+08
-8.759362560000000000e+08
-5.322441600000000000e+08
-5.325250240000000000e+08
-3.575108160000000000e+08
-3.506046080000000000e+08
-2.537725600000000000e+08
-2.447584640000000000e+08
-1.876121440000000000e+08
-1.786412480000000000e+08
-1.430878080000000000e+08
-1.349842880000000000e+08
-1.118531360000000000e+08
-1.048512240000000000e+08
-8.920750400000000000e+07
-8.329001600000000000e+07
-7.234431200000000000e+07
-6.739788800000000000e+07
-5.950622400000000000e+07
-5.539119200000000000e+07
-4.954879200000000000e+07
-4.612920800000000000e+07
-4.170173200000000000e+07
-3.885682000000000000e+07
-3.543190400000000000e+07
-3.305901200000000000e+07
-3.036135000000000000e+07
-2.837529600000000000e+07
-2.621648000000000000e+07
-2.454749400000000000e+07
-2.279564600000000000e+07
-2.138697400000000000e+07
-1.994783000000000000e+07
-1.875344200000000000e+07
-1.755830800000000000e+07
-1.654089800000000000e+07
-1.553882200000000000e+07
-1.466813800000000000e+07
-1.382071700000000000e+07
-1.307216000000000000e+07
-1.235000600000000000e+07
-1.170353900000000000e+07
-1.108386800000000000e+07
-1.052310000000000000e+07
-9.988026000000000000e+06
-9.499512000000000000e+06
-9.034837000000000000e+06
-8.607505000000000000e+06
-8.201844500000000000e+06
-7.826536500000000000e+06
-7.470680500000000000e+06
-7.139794500000000000e+06
-6.826228000000000000e+06
-6.533429500000000000e+06
-6.255972500000000000e+06
-5.995957000000000000e+06
-5.749494000000000000e+06
-5.517808500000000000e+06
-5.298076000000000000e+06
-5.090962000000000000e+06
-4.894388000000000000e+06
-4.708664500000000000e+06
-4.532238500000000000e+06
-4.365199000000000000e+06
-4.206371500000000000e+06
-4.055709000000000000e+06
-3.912309500000000000e+06
-3.776048250000000000e+06
-3.646221750000000000e+06
-3.522664500000000000e+06
-3.404819750000000000e+06
-3.292503000000000000e+06
-3.185267250000000000e+06
-3.082924750000000000e+06
-2.985111750000000000e+06
-2.891645500000000000e+06
-2.802225250000000000e+06
-2.716679000000000000e+06
-2.634755250000000000e+06
-2.556293750000000000e+06
-2.481083000000000000e+06
-2.408975500000000000e+06
-2.339791000000000000e+06
-2.273395250000000000e+06
-2.209634250000000000e+06
-2.148385500000000000e+06
-2.089515750000000000e+06
-2.032915000000000000e+06
-1.978467125000000000e+06
-1.926072625000000000e+06
-1.875630250000000000e+06
-1.827050750000000000e+06
-1.780244125000000000e+06
-1.735130875000000000e+06
-1.691631250000000000e+06
-1.649673625000000000e+06
-1.609187500000000000e+06
-1.570108125000000000e+06
-1.532373250000000000e+06
-1.495923500000000000e+06
-1.460704000000000000e+06
-1.426661500000000000e+06
-1.393746250000000000e+06
-1.361910625000000000e+06
-1.331109625000000000e+06
-1.301300250000000000e+06
-1.272442375000000000e+06
-1.244496500000000000e+06
-1.217426750000000000e+06
-1.191197125000000000e+06
-1.165775375000000000e+06
-1.141129000000000000e+06
-1.117228500000000000e+06
-1.094044125000000000e+06
-1.071549500000000000e+06
-1.049717250000000000e+06
-1.028523750000000000e+06
-1.007943875000000000e+06
-9.879558750000000000e+05
-9.685372500000000000e+05
-9.496676250000000000e+05
-9.313266250000000000e+05
-9.134961250000000000e+05
-8.961569375000000000e+05
-8.792926875000000000e+05
-8.628855625000000000e+05
-8.469207500000000000e+05
-8.313820000000000000e+05
-8.162554375000000000e+05
-8.015263125000000000e+05
-7.871818750000000000e+05
-7.732082500000000000e+05
-7.595942500000000000e+05
-7.463268750000000000e+05
-7.333956875000000000e+05
-7.207887500000000000e+05
-7.084963750000000000e+05
-6.965077500000000000e+05
-6.848138125000000000e+05
-6.734046250000000000e+05
-6.622717500000000000e+05
-6.514060000000000000e+05
-6.407993125000000000e+05
-6.304435000000000000e+05
-6.203311875000000000e+05
-6.104545625000000000e+05
-6.008068750000000000e+05
-5.913806875000000000e+05
-5.821700625000000000e+05
-5.731679375000000000e+05
-5.643685625000000000e+05
-5.557656875000000000e+05
-5.473540000000000000e+05
-5.391273125000000000e+05
-5.310810625000000000e+05
-5.232093750000000000e+05
-5.155078750000000000e+05
-5.079710625000000000e+05
-5.005951250000000000e+05
-4.933747500000000000e+05
-4.863065000000000000e+05
-4.793851875000000000e+05
-4.726076875000000000e+05
-4.659693125000000000e+05
-4.594669062500000000e+05
-4.530962500000000000e+05
-4.468544375000000000e+05
-4.407374687500000000e+05
-4.347423750000000000e+05
-4.288656562500000000e+05
-4.231047500000000000e+05
-4.174558125000000000e+05
-4.119168125000000000e+05
-4.064841875000000000e+05
-4.011558437500000000e+05
-3.959285000000000000e+05
-3.908003125000000000e+05
-3.857680625000000000e+05
-3.808300000000000000e+05
-3.759831562500000000e+05
-3.712259687500000000e+05
-3.665554375000000000e+05
-3.619702187500000000e+05
-3.574675625000000000e+05
-3.530460625000000000e+05
-3.487032812500000000e+05
-3.444377500000000000e+05
-3.402471250000000000e+05
-3.361303125000000000e+05
-3.320848437500000000e+05
-3.281096250000000000e+05
-3.242026875000000000e+05
-3.203626875000000000e+05
-3.165876875000000000e+05
-3.128768437500000000e+05
-3.092278750000000000e+05
-3.056402187500000000e+05
-3.021118437500000000e+05
-2.986418750000000000e+05
-2.952285312500000000e+05
-2.918710937500000000e+05
-2.885678750000000000e+05
-2.853180937500000000e+05
-2.821200625000000000e+05
-2.789733437500000000e+05
-2.758761250000000000e+05
-2.728279062500000000e+05
-2.698271875000000000e+05
-2.668733750000000000e+05
-2.639650625000000000e+05
-2.611017187500000000e+05
-2.582820312500000000e+05
-2.555053750000000000e+05
-2.527705937500000000e+05
-2.500771875000000000e+05
-2.474238437500000000e+05
-2.448101562500000000e+05
-2.422350312500000000e+05
-2.396980000000000000e+05
-2.371978593750000000e+05
-2.347343750000000000e+05
-2.323063593750000000e+05
-2.299134687500000000e+05
-2.275547187500000000e+05
-2.252298125000000000e+05
-2.229375781250000000e+05
-2.206779531250000000e+05
-2.184497812500000000e+05
-2.162529843750000000e+05
-2.140864375000000000e+05
-2.119499687500000000e+05
-2.098427656250000000e+05
-2.077644531250000000e+05
-2.057142968750000000e+05
-2.036921093750000000e+05
-2.016968750000000000e+05
-1.997286093750000000e+05
-1.977863750000000000e+05
-1.958701250000000000e+05
-1.939790000000000000e+05
-1.921128750000000000e+05
-1.902709062500000000e+05
-1.884531562500000000e+05
-1.866587500000000000e+05
-1.848876562500000000e+05
-1.831390468750000000e+05
-1.814130000000000000e+05
-1.797086875000000000e+05
-1.780260625000000000e+05
-1.763644375000000000e+05
-1.747238437500000000e+05
-1.731034843750000000e+05
-1.715034375000000000e+05
-1.699229687500000000e+05
-1.683621875000000000e+05
-1.668202656250000000e+05
-1.652972812500000000e+05
-1.637926718750000000e+05
-1.623064218750000000e+05
-1.608378281250000000e+05
-1.593869687500000000e+05
-1.579533437500000000e+05
-1.565368437500000000e+05
-1.551369062500000000e+05
-1.537536718750000000e+05
-1.523864062500000000e+05
-1.510353281250000000e+05
-1.496997500000000000e+05
-1.483798281250000000e+05
-1.470749687500000000e+05
-1.457852187500000000e+05
-1.445100781250000000e+05
-1.432495781250000000e+05
-1.420032500000000000e+05
-1.407711562500000000e+05
-1.395527656250000000e+05
-1.383481875000000000e+05
-1.371568906250000000e+05
-1.359790000000000000e+05
-1.348140000000000000e+05
-1.336619843750000000e+05
-1.325224843750000000e+05
-1.313956875000000000e+05
-1.302809375000000000e+05
-1.291784921875000000e+05
-1.280878281250000000e+05
-1.270091015625000000e+05
-1.259417812500000000e+05
-1.248860468750000000e+05
-1.238414296875000000e+05
-1.228080937500000000e+05
-1.217855312500000000e+05
-1.207739062500000000e+05
-1.197727968750000000e+05
-1.187823125000000000e+05
-1.178020000000000000e+05
-1.168320703125000000e+05
-1.158720625000000000e+05
-1.149220937500000000e+05
-1.139817968750000000e+05
-1.130512890625000000e+05
-1.121302031250000000e+05
-1.112185937500000000e+05
-1.103161406250000000e+05
-1.094229375000000000e+05
-1.085386718750000000e+05
-1.076634062500000000e+05
-1.067967968750000000e+05
-1.059390156250000000e+05
-1.050896171875000000e+05
-1.042488046875000000e+05
-1.034162031250000000e+05
-1.025919687500000000e+05
-1.017757031250000000e+05
-1.009676015625000000e+05
-1.001672500000000000e+05
-9.937485937500000000e+04
-9.859005468750000000e+04
-9.781301562500000000e+04
-9.704334375000000000e+04
-9.628120312500000000e+04
-9.552629687500000000e+04
-9.477875000000000000e+04
-9.403820312500000000e+04
-9.330486718750000000e+04
-9.257836718750000000e+04
-9.185889843750000000e+04
-9.114609375000000000e+04
-9.044013281250000000e+04
-8.974069531250000000e+04
-8.904793750000000000e+04
-8.836153906250000000e+04
-8.768165625000000000e+04
-8.700800781250000000e+04
-8.634067968750000000e+04
-8.567943750000000000e+04
-8.502442968750000000e+04
-8.437532031250000000e+04
-8.373229687500000000e+04
-8.309504687500000000e+04
-8.246369531250000000e+04
-8.183805468750000000e+04
-8.121816406250000000e+04
-8.060379687500000000e+04
-7.999507812500000000e+04
-7.939178125000000000e+04
-7.879400781250000000e+04
-7.820149218750000000e+04
-7.761439062500000000e+04
-7.703245312500000000e+04
-7.645576562500000000e+04
-7.588418750000000000e+04
-7.531767968750000000e+04
-7.475614062500000000e+04
-7.419967187500000000e+04
-7.364800000000000000e+04
-7.310126562500000000e+04
-7.255925000000000000e+04
-7.202204687500000000e+04
-7.148946875000000000e+04
-7.096162500000000000e+04
-7.043828125000000000e+04
-6.991956250000000000e+04
-6.940524218750000000e+04
-6.889548437500000000e+04
-6.839000781250000000e+04
-6.788898437500000000e+04
-6.739215625000000000e+04
-6.689968750000000000e+04
-6.641135156250000000e+04
-6.592725781250000000e+04
-6.544721875000000000e+04
-6.497133203125000000e+04
-6.449939453125000000e+04
-6.403155859375000000e+04
-6.356755859375000000e+04
-6.310756250000000000e+04
-6.265137500000000000e+04
-6.219909375000000000e+04
-6.175052734375000000e+04
-6.130579687500000000e+04
-6.086467968750000000e+04
-6.042735937500000000e+04
-5.999357031250000000e+04
-5.956346875000000000e+04
-5.913685546875000000e+04
-5.871385156250000000e+04
-5.829426562500000000e+04
-5.787822265625000000e+04
-5.746550781250000000e+04
-5.705628906250000000e+04
-5.665033203125000000e+04
-5.624776953125000000e+04
-5.584844921875000000e+04
-5.545242578125000000e+04
-5.505958984375000000e+04
-5.467000781250000000e+04
-5.428350781250000000e+04
-5.390022265625000000e+04
-5.351993750000000000e+04
-5.314283984375000000e+04
-5.276867968750000000e+04
-5.239762500000000000e+04
-5.202946875000000000e+04
-5.166435156250000000e+04
-5.130207031250000000e+04
-5.094278125000000000e+04
-5.058624218750000000e+04
-5.023267187500000000e+04
-4.988180859375000000e+04
-4.953381250000000000e+04
-4.918853125000000000e+04
-4.884603515625000000e+04
-4.850617187500000000e+04
-4.816907421875000000e+04
-4.783456250000000000e+04
-4.750277734375000000e+04
-4.717350781250000000e+04
-4.684688671875000000e+04
-4.652279296875000000e+04
-4.620128125000000000e+04
-4.588218750000000000e+04
-4.556570312500000000e+04
-4.525158593750000000e+04
-4.493998828125000000e+04
-4.463074609375000000e+04
-4.432395703125000000e+04
-4.401951562500000000e+04
-4.371746875000000000e+04
-4.341770312500000000e+04
-4.312029687500000000e+04
-4.282514453125000000e+04
-4.253231640625000000e+04
-4.224167187500000000e+04
-4.195332421875000000e+04
-4.166713281250000000e+04
-4.138319531250000000e+04
-4.110135937500000000e+04
-4.082174218750000000e+04
-4.054421875000000000e+04
-4.026883203125000000e+04
-3.999549218750000000e+04
-3.972430078125000000e+04
-3.945508203125000000e+04
-3.918798828125000000e+04
-3.892283203125000000e+04
-3.865977343750000000e+04
-3.839861718750000000e+04
-3.813950000000000000e+04
-3.788226953125000000e+04
-3.762704687500000000e+04
-3.737366015625000000e+04
-3.712223046875000000e+04
-3.687265625000000000e+04
-3.662501171875000000e+04
-3.637912890625000000e+04
-3.613516015625000000e+04
-3.589292578125000000e+04
-3.565257812500000000e+04
-3.541395312500000000e+04
-3.517717578125000000e+04
-3.494208203125000000e+04
-3.470882031250000000e+04
-3.447720312500000000e+04
-3.424736328125000000e+04
-3.401916015625000000e+04
-3.379269531250000000e+04
-3.356784375000000000e+04
-3.334471484375000000e+04
-3.312316406250000000e+04
-3.290330468750000000e+04
-3.268499218750000000e+04
-3.246835351562500000e+04
-3.225322656250000000e+04
-3.203973632812500000e+04
-3.182776953125000000e+04
-3.161738281250000000e+04
-3.140850000000000000e+04
-3.120119726562500000e+04
-3.099530859375000000e+04
-3.079100195312500000e+04
-3.058811718750000000e+04
-3.038677929687500000e+04
-3.018682421875000000e+04
-2.998837890625000000e+04
-2.979130859375000000e+04
-2.959573046875000000e+04
-2.940150000000000000e+04
-2.920873242187500000e+04
-2.901729492187500000e+04
-2.882729296875000000e+04
-2.863859765625000000e+04
-2.845132421875000000e+04
-2.826532812500000000e+04
-2.808072851562500000e+04
-2.789738867187500000e+04
-2.771542773437500000e+04
-2.753470703125000000e+04
-2.735533593750000000e+04
-2.717719140625000000e+04
-2.700037890625000000e+04
-2.682476562500000000e+04
-2.665044921875000000e+04
-2.647731640625000000e+04
-2.630549414062500000e+04
-2.613481640625000000e+04
-2.596541015625000000e+04
-2.579714062500000000e+04
-2.563011328125000000e+04
-2.546422656250000000e+04
-2.529956054687500000e+04
-2.513601171875000000e+04
-2.497366796875000000e+04
-2.481241601562500000e+04
-2.465234570312500000e+04
-2.449334570312500000e+04
-2.433552343750000000e+04
-2.417876367187500000e+04
-2.402315429687500000e+04
-2.386857812500000000e+04
-2.371514648437500000e+04
-2.356272851562500000e+04
-2.341142968750000000e+04
-2.326113281250000000e+04
-2.311193359375000000e+04
-2.296374609375000000e+04
-2.281662890625000000e+04
-2.267048437500000000e+04
-2.252540234375000000e+04
-2.238128906250000000e+04
-2.223822851562500000e+04
-2.209609375000000000e+04
-2.195502734375000000e+04
-2.181487890625000000e+04
-2.167573437500000000e+04
-2.153752148437500000e+04
-2.140030078125000000e+04
-2.126397656250000000e+04
-2.112866406250000000e+04
-2.099421484375000000e+04
-2.086075195312500000e+04
-2.072816406250000000e+04
-2.059652539062500000e+04
-2.046575781250000000e+04
-2.033592773437500000e+04
-2.020693750000000000e+04
-2.007888671875000000e+04
-1.995166796875000000e+04
-1.982538281250000000e+04
-1.969988281250000000e+04
-1.957532031250000000e+04
-1.945155468750000000e+04
-1.932867187500000000e+04
-1.920658984375000000e+04
-1.908538671875000000e+04
-1.896495703125000000e+04
-1.884540234375000000e+04
-1.872659960937500000e+04
-1.860867187500000000e+04
-1.849148828125000000e+04
-1.837515234375000000e+04
-1.825957226562500000e+04
-1.814480273437500000e+04
-1.803077539062500000e+04
-1.791756250000000000e+04
-1.780506640625000000e+04
-1.769339843750000000e+04
-1.758242187500000000e+04
-1.747224218750000000e+04
-1.736276953125000000e+04
-1.725406445312500000e+04
-1.714605468750000000e+04
-1.703882226562500000e+04
-1.693226953125000000e+04
-1.682647656250000000e+04
-1.672134960937500000e+04
-1.661696875000000000e+04
-1.651325585937500000e+04
-1.641027929687500000e+04
-1.630794335937500000e+04
-1.620634765625000000e+04
-1.610538476562500000e+04
-1.600513574218750000e+04
-1.590551464843750000e+04
-1.580661523437500000e+04
-1.570833105468750000e+04
-1.561074218750000000e+04
-1.551375292968750000e+04
-1.541747265625000000e+04
-1.532178125000000000e+04
-1.522676757812500000e+04
-1.513234960937500000e+04
-1.503860449218750000e+04
-1.494543457031250000e+04
-1.485292578125000000e+04
-1.476099414062500000e+04
-1.466971484375000000e+04
-1.457898632812500000e+04
-1.448893066406250000e+04
-1.439940625000000000e+04
-1.431051855468750000e+04
-1.422218847656250000e+04
-1.413447753906250000e+04
-1.404730761718750000e+04
-1.396074511718750000e+04
-1.387473144531250000e+04
-1.378929882812500000e+04
-1.370441699218750000e+04
-1.362012304687500000e+04
-1.353634277343750000e+04
-1.345316113281250000e+04
-1.337048828125000000e+04
-1.328839550781250000e+04
-1.320679296875000000e+04
-1.312578906250000000e+04
-1.304526367187500000e+04
-1.296530371093750000e+04
-1.288583203125000000e+04
-1.280692773437500000e+04
-1.272850000000000000e+04
-1.265061328125000000e+04
-1.257320507812500000e+04
-1.249633789062500000e+04
-1.241995410156250000e+04
-1.234408593750000000e+04
-1.226868652343750000e+04
-1.219381250000000000e+04
-1.211939550781250000e+04
-1.204548535156250000e+04
-1.197203808593750000e+04
-1.189910449218750000e+04
-1.182660058593750000e+04
-1.175459960937500000e+04
-1.168305468750000000e+04
-1.161199218750000000e+04
-1.154135253906250000e+04
-1.147121777343750000e+04
-1.140150781250000000e+04
-1.133227539062500000e+04
-1.126345898437500000e+04
-1.119512500000000000e+04
-1.112719531250000000e+04
-1.105974902343750000e+04
-1.099269921875000000e+04
-1.092611914062500000e+04
-1.085994140625000000e+04
-1.079421484375000000e+04
-1.072889257812500000e+04
-1.066400390625000000e+04
-1.059952539062500000e+04
-1.053548144531250000e+04
-1.047181835937500000e+04
-1.040860449218750000e+04
-1.034576074218750000e+04
-1.028336035156250000e+04
-1.022131738281250000e+04
-1.015971679687500000e+04
-1.009847851562500000e+04
-1.003765917968750000e+04
-9.977212890625000000e+03
-9.917176757812500000e+03
-9.857492187500000000e+03
-9.798232421875000000e+03
-9.739314453125000000e+03
-9.680804687500000000e+03
-9.622646484375000000e+03
-9.564877929687500000e+03
-9.507463867187500000e+03
-9.450435546875000000e+03
-9.393750976562500000e+03
-9.337451171875000000e+03
-9.281486328125000000e+03
-9.225906250000000000e+03
-9.170656250000000000e+03
-9.115794921875000000e+03
-9.061238281250000000e+03
-9.007074218750000000e+03
-8.953215820312500000e+03
-8.899728515625000000e+03
-8.846556640625000000e+03
-8.793750000000000000e+03
-8.741253906250000000e+03
-8.689126953125000000e+03
-8.637288085937500000e+03
-8.585819335937500000e+03
-8.534655273437500000e+03
-8.483833984375000000e+03
-8.433306640625000000e+03
-8.383130859375000000e+03
-8.333242187500000000e+03
-8.283703125000000000e+03
-8.234447265625000000e+03
-8.185542968750000000e+03
-8.136900390625000000e+03
-8.088599121093750000e+03
-8.040584960937500000e+03
-7.992907714843750000e+03
-7.945489746093750000e+03
-7.898405761718750000e+03
-7.851585937500000000e+03
-7.805100097656250000e+03
-7.758870117187500000e+03
-7.712969726562500000e+03
-7.667328613281250000e+03
-7.622000976562500000e+03
-7.576935058593750000e+03
-7.532172851562500000e+03
-7.487673828125000000e+03
-7.443472656250000000e+03
-7.399532226562500000e+03
-7.355895996093750000e+03
-7.312500976562500000e+03
-7.269415039062500000e+03
-7.226564453125000000e+03
-7.184019042968750000e+03
-7.141701660156250000e+03
-7.099688476562500000e+03
-7.057907226562500000e+03
-7.016421875000000000e+03
-6.975166015625000000e+03
-6.934195800781250000e+03
-6.893452148437500000e+03
-6.852993164062500000e+03
-6.812766113281250000e+03
-6.772816406250000000e+03
-6.733085449218750000e+03
-6.693631835937500000e+03
-6.654400390625000000e+03
-6.615439941406250000e+03
-6.576698730468750000e+03
-6.538220703125000000e+03
-6.499961914062500000e+03
-6.461975585937500000e+03
-6.424186523437500000e+03
-6.386669921875000000e+03
-6.349355957031250000e+03
-6.312301757812500000e+03
-6.275463378906250000e+03
-6.238873046875000000e+03
-6.202477539062500000e+03
-6.166343261718750000e+03
-6.130403320312500000e+03
-6.094725097656250000e+03
-6.059236328125000000e+03
-6.023989746093750000e+03
-5.988939453125000000e+03
-5.954132324218750000e+03
-5.919517578125000000e+03
-5.885146484375000000e+03
-5.850965820312500000e+03
-5.817017578125000000e+03
-5.783255859375000000e+03
-5.749734863281250000e+03
-5.716390625000000000e+03
-5.683283691406250000e+03
-5.650353027343750000e+03
-5.617651855468750000e+03
-5.585127929687500000e+03
-5.552833007812500000e+03
-5.520714843750000000e+03
-5.488823242187500000e+03
-5.457101562500000000e+03
-5.425601562500000000e+03
-5.394270019531250000e+03
-5.363162597656250000e+03
-5.332220703125000000e+03
-5.301495117187500000e+03
-5.270938476562500000e+03
-5.240589355468750000e+03
-5.210402832031250000e+03
-5.180432617187500000e+03
-5.150620117187500000e+03
-5.121023437500000000e+03
-5.091575683593750000e+03
-5.062341308593750000e+03
-5.033262695312500000e+03
-5.004385742187500000e+03
-4.975661132812500000e+03
-4.947137695312500000e+03
-4.918768554687500000e+03
-4.890597167968750000e+03
-4.862577148437500000e+03
-4.834755859375000000e+03
-4.807081054687500000e+03
-4.779605957031250000e+03
-4.752270019531250000e+03
-4.725127929687500000e+03
-4.698130859375000000e+03
-4.671322265625000000e+03
-4.644657226562500000e+03
-4.618177734375000000e+03
-4.591837890625000000e+03
-4.565690429687500000e+03
-4.539667480468750000e+03
-4.513835937500000000e+03
-4.488140625000000000e+03
-4.462625976562500000e+03
-4.437243652343750000e+03
-4.412041992187500000e+03
-4.386968750000000000e+03
-4.362080078125000000e+03
-4.337316894531250000e+03
-4.312731445312500000e+03
-4.288271484375000000e+03
-4.263986328125000000e+03
-4.239826171875000000e+03
-4.215835937500000000e+03
-4.191972656250000000e+03
-4.168275878906250000e+03
-4.144705566406250000e+03
-4.121306152343750000e+03
-4.098021484375000000e+03
-4.074900634765625000e+03
-4.051899902343750000e+03
-4.029067871093750000e+03
-4.006349121093750000e+03
-3.983793457031250000e+03
-3.961353515625000000e+03
-3.939075683593750000e+03
-3.916909179687500000e+03
-3.894892333984375000e+03
-3.873008056640625000e+03
-3.851265136718750000e+03
-3.829636962890625000e+03
-3.808163085937500000e+03
-3.786799560546875000e+03
-3.765596191406250000e+03
-3.744486816406250000e+03
-3.723538574218750000e+03
-3.702688476562500000e+03
-3.681997558593750000e+03
-3.661408447265625000e+03
-3.640967041015625000e+03
-3.620622558593750000e+03
-3.600426269531250000e+03
-3.580336425781250000e+03
-3.560388183593750000e+03
-3.540541015625000000e+03
-3.520833251953125000e+03
-3.501231445312500000e+03
-3.481765625000000000e+03
-3.462396240234375000e+03
-3.443172363281250000e+03
-3.424045166015625000e+03
-3.405050781250000000e+03
-3.386150390625000000e+03
-3.367388671875000000e+03
-3.348723144531250000e+03
-3.330191650390625000e+03
-3.311746826171875000e+03
-3.293443847656250000e+03
-3.275228271484375000e+03
-3.257140625000000000e+03
-3.239145996093750000e+03
-3.221282226562500000e+03
-3.203503906250000000e+03
-3.185862304687500000e+03
-3.168304687500000000e+03
-3.150870605468750000e+03
-3.133524902343750000e+03
-3.116302001953125000e+03
-3.099164062500000000e+03
-3.082159667968750000e+03
-3.065225585937500000e+03
-3.048423828125000000e+03
-3.031701660156250000e+03
-3.015104248046875000e+03
-2.998582031250000000e+03
-2.982190429687500000e+03
-2.965870605468750000e+03
-2.949673583984375000e+03
-2.933551025390625000e+03
-2.917550781250000000e+03
-2.901629638671875000e+03
-2.885821777343750000e+03
-2.870090820312500000e+03
-2.854473144531250000e+03
-2.838939208984375000e+03
-2.823510253906250000e+03
-2.808160156250000000e+03
-2.792915283203125000e+03
-2.777757324218750000e+03
-2.762705810546875000e+03
-2.747724121093750000e+03
-2.732853515625000000e+03
-2.718054443359375000e+03
-2.703365722656250000e+03
-2.688746582031250000e+03
-2.674236816406250000e+03
-2.659794921875000000e+03
-2.645459960937500000e+03
-2.631196777343750000e+03
-2.617030273437500000e+03
-2.602940185546875000e+03
-2.588950195312500000e+03
-2.575029296875000000e+03
-2.561206298828125000e+03
-2.547454589843750000e+03
-2.533802246093750000e+03
-2.520214843750000000e+03
-2.506728515625000000e+03
-2.493307617187500000e+03
-2.479986816406250000e+03
-2.466725585937500000e+03
-2.453563476562500000e+03
-2.440468505859375000e+03
-2.427466308593750000e+03
-2.414525878906250000e+03
-2.401686279296875000e+03
-2.388901367187500000e+03
-2.376214355468750000e+03
-2.363587158203125000e+03
-2.351056152343750000e+03
-2.338577880859375000e+03
-2.326198730468750000e+03
-2.313870117187500000e+03
-2.301642089843750000e+03
-2.289468505859375000e+03
-2.277383789062500000e+03
-2.265359130859375000e+03
-2.253420410156250000e+03
-2.241546386718750000e+03
-2.229748046875000000e+03
-2.218011718750000000e+03
-2.206367675781250000e+03
-2.194771240234375000e+03
-2.183268554687500000e+03
-2.171812744140625000e+03
-2.160446289062500000e+03
-2.149129638671875000e+03
-2.137904785156250000e+03
-2.126723876953125000e+03
-2.115629638671875000e+03
-2.104588378906250000e+03
-2.093629882812500000e+03
-2.082726806640625000e+03
-2.071900878906250000e+03
-2.061123535156250000e+03
-2.050428955078125000e+03
-2.039783203125000000e+03
-2.029218750000000000e+03
-2.018703369140625000e+03
-2.008269042968750000e+03
-1.997878540039062500e+03
-1.987572998046875000e+03
-1.977308227539062500e+03
-1.967127197265625000e+03
-1.956989501953125000e+03
-1.946932128906250000e+03
-1.936913330078125000e+03
-1.926980834960937500e+03
-1.917080566406250000e+03
-1.907269531250000000e+03
-1.897496093750000000e+03
-1.887795654296875000e+03
-1.878141113281250000e+03
-1.868563476562500000e+03
-1.859026123046875000e+03
-1.849563110351562500e+03
-1.840141601562500000e+03
-1.830792114257812500e+03
-1.821481079101562500e+03
-1.812251953125000000e+03
-1.803055908203125000e+03
-1.793936279296875000e+03
-1.784850463867187500e+03
-1.775838867187500000e+03
-1.766866210937500000e+03
-1.757966796875000000e+03
-1.749101074218750000e+03
-1.740311889648437500e+03
-1.731555786132812500e+03
-1.722872070312500000e+03
-1.714221313476562500e+03
-1.705643310546875000e+03
-1.697096435546875000e+03
-1.688621215820312500e+03
-1.680180175781250000e+03
-1.671811645507812500e+03
-1.663470947265625000e+03
-1.655199584960937500e+03
-1.646962646484375000e+03
-1.638798217773437500e+03
-1.630660888671875000e+03
-1.622590332031250000e+03
-1.614552734375000000e+03
-1.606585449218750000e+03
-1.598645874023437500e+03
-1.590766723632812500e+03
-1.582927368164062500e+03
-1.575146118164062500e+03
-1.567399414062500000e+03
