5.239183769600000000e+11
-2.014198374400000000e+10
-1.195389030400000000e+10
-7.887517184000000000e+09
-5.429888000000000000e+09
-3.912312832000000000e+09
-2.891883776000000000e+09
-2.198269952000000000e+09
-1.700586880000000000e+09
-1.341228416000000000e+09
-1.071658304000000000e+09
-8.685086080000000000e+08
-7.110131200000000000e+08
-5.884112640000000000e+08
-4.908768960000000000e+08
-4.129721280000000000e+08
-3.496799680000000000e+08
-2.980507520000000000e+08
-2.553629440000000000e+08
-2.199246720000000000e+08
-1.901835680000000000e+08
-1.651242080000000000e+08
-1.438223840000000000e+08
-1.256451440000000000e+08
-1.100214320000000000e+08
-9.654373600000000000e+07
-8.484740800000000000e+07
-7.466265600000000000e+07
-6.574969200000000000e+07
-5.792541600000000000e+07
-5.102797200000000000e+07
-4.493033600000000000e+07
-3.952061600000000000e+07
-3.470894000000000000e+07
-3.041629000000000000e+07
-2.657792400000000000e+07
-2.313695000000000000e+07
-2.004596800000000000e+07
-1.726329000000000000e+07
-1.475368900000000000e+07
-1.248613700000000000e+07
-1.043409200000000000e+07
-8.574126000000000000e+06
-6.885988500000000000e+06
-5.351759500000000000e+06
-3.955811750000000000e+06
-2.684274000000000000e+06
-1.524957000000000000e+06
-4.670071562500000000e+05
4.991728125000000000e+05
1.382159500000000000e+06
2.189580500000000000e+06
2.928273500000000000e+06
3.604348000000000000e+06
4.223303000000000000e+06
4.790071000000000000e+06
5.309103000000000000e+06
5.784413500000000000e+06
6.219633000000000000e+06
6.618044500000000000e+06
6.982631500000000000e+06
7.316097000000000000e+06
7.620904500000000000e+06
7.899295500000000000e+06
8.153309500000000000e+06
8.384819500000000000e+06
8.595527000000000000e+06
8.786998000000000000e+06
8.960661000000000000e+06
9.117830000000000000e+06
9.259713000000000000e+06
9.387420000000000000e+06
9.501970000000000000e+06
9.604306000000000000e+06
9.695292000000000000e+06
9.775733000000000000e+06
9.846368000000000000e+06
9.907879000000000000e+06
9.960903000000000000e+06
1.000602600000000000e+07
1.004379200000000000e+07
1.007470400000000000e+07
1.009923000000000000e+07
1.011781000000000000e+07
1.013084700000000000e+07
1.013871500000000000e+07
1.014176900000000000e+07
1.014033400000000000e+07
1.013471400000000000e+07
1.012519400000000000e+07
1.011203800000000000e+07
1.009549600000000000e+07
1.007580100000000000e+07
1.005316500000000000e+07
1.002779300000000000e+07
9.999874000000000000e+06
9.969586000000000000e+06
9.937096000000000000e+06
9.902556000000000000e+06
9.866117000000000000e+06
9.827914000000000000e+06
9.788071000000000000e+06
9.746716000000000000e+06
9.703956000000000000e+06
9.659901000000000000e+06
9.614651000000000000e+06
9.568296000000000000e+06
9.520928000000000000e+06
9.472629000000000000e+06
9.423475000000000000e+06
9.373541000000000000e+06
9.322897000000000000e+06
9.271607000000000000e+06
9.219730000000000000e+06
9.167326000000000000e+06
9.114449000000000000e+06
9.061149000000000000e+06
9.007474000000000000e+06
8.953469000000000000e+06
8.899177000000000000e+06
8.844639000000000000e+06
8.789889000000000000e+06
8.734968000000000000e+06
8.679905000000000000e+06
8.624732000000000000e+06
8.569481000000000000e+06
8.514177000000000000e+06
8.458850000000000000e+06
8.403519000000000000e+06
8.348213000000000000e+06
8.292950000000000000e+06
8.237751500000000000e+06
8.182638000000000000e+06
8.127625500000000000e+06
8.072733500000000000e+06
8.017975500000000000e+06
7.963368000000000000e+06
7.908924500000000000e+06
7.854659000000000000e+06
7.800582500000000000e+06
7.746707000000000000e+06
7.693044500000000000e+06
7.639603500000000000e+06
7.586393500000000000e+06
7.533424000000000000e+06
7.480703500000000000e+06
7.428239000000000000e+06
7.376037500000000000e+06
7.324105500000000000e+06
7.272449500000000000e+06
7.221076500000000000e+06
7.169988500000000000e+06
7.119191000000000000e+06
7.068692000000000000e+06
7.018490500000000000e+06
6.968594000000000000e+06
6.919003000000000000e+06
6.869722500000000000e+06
6.820755000000000000e+06
6.772102500000000000e+06
6.723766500000000000e+06
6.675750500000000000e+06
6.628054500000000000e+06
6.580681500000000000e+06
6.533631500000000000e+06
6.486906000000000000e+06
6.440506500000000000e+06
6.394432000000000000e+06
6.348684500000000000e+06
6.303264500000000000e+06
6.258170500000000000e+06
6.213404500000000000e+06
6.168965000000000000e+06
6.124852500000000000e+06
6.081066000000000000e+06
6.037605500000000000e+06
5.994470000000000000e+06
5.951659000000000000e+06
5.909173000000000000e+06
5.867007500000000000e+06
5.825165000000000000e+06
5.783645000000000000e+06
5.742442500000000000e+06
5.701560000000000000e+06
5.660993000000000000e+06
5.620743500000000000e+06
5.580807000000000000e+06
5.541184500000000000e+06
5.501873000000000000e+06
5.462872500000000000e+06
5.424179500000000000e+06
5.385794000000000000e+06
5.347712000000000000e+06
5.309934000000000000e+06
5.272458000000000000e+06
5.235281500000000000e+06
5.198403000000000000e+06
5.161821000000000000e+06
5.125533500000000000e+06
5.089537500000000000e+06
5.053831500000000000e+06
5.018414500000000000e+06
4.983285500000000000e+06
4.948439000000000000e+06
4.913876500000000000e+06
4.879594000000000000e+06
4.845590000000000000e+06
4.811863500000000000e+06
4.778410500000000000e+06
4.745231000000000000e+06
4.712322500000000000e+06
4.679681500000000000e+06
4.647307500000000000e+06
4.615197500000000000e+06
4.583350500000000000e+06
4.551764000000000000e+06
4.520435000000000000e+06
4.489364000000000000e+06
4.458546000000000000e+06
4.427980000000000000e+06
4.397664500000000000e+06
4.367598000000000000e+06
4.337777000000000000e+06
4.308200000000000000e+06
4.278865500000000000e+06
4.249771500000000000e+06
4.220915000000000000e+06
4.192295250000000000e+06
4.163909250000000000e+06
4.135756000000000000e+06
4.107832750000000000e+06
4.080138250000000000e+06
4.052669750000000000e+06
4.025425250000000000e+06
3.998404000000000000e+06
3.971602750000000000e+06
3.945020750000000000e+06
3.918655000000000000e+06
3.892505000000000000e+06
3.866568250000000000e+06
3.840842250000000000e+06
3.815325250000000000e+06
3.790016000000000000e+06
3.764912750000000000e+06
3.740013500000000000e+06
3.715316250000000000e+06
3.690819000000000000e+06
3.666520250000000000e+06
3.642419000000000000e+06
3.618512750000000000e+06
3.594799500000000000e+06
3.571278000000000000e+06
3.547945750000000000e+06
3.524802750000000000e+06
3.501846000000000000e+06
3.479074000000000000e+06
3.456485000000000000e+06
3.434078000000000000e+06
3.411850250000000000e+06
3.389801500000000000e+06
3.367929250000000000e+06
3.346232250000000000e+06
3.324708500000000000e+06
3.303357250000000000e+06
3.282176250000000000e+06
3.261164250000000000e+06
3.240319500000000000e+06
3.219640000000000000e+06
3.199126000000000000e+06
3.178774500000000000e+06
3.158584250000000000e+06
3.138554500000000000e+06
3.118682750000000000e+06
3.098968250000000000e+06
3.079409250000000000e+06
3.060004500000000000e+06
3.040753000000000000e+06
3.021653000000000000e+06
3.002703000000000000e+06
2.983901750000000000e+06
2.965247750000000000e+06
2.946740250000000000e+06
2.928377000000000000e+06
2.910157750000000000e+06
2.892080500000000000e+06
2.874143750000000000e+06
2.856347000000000000e+06
2.838688750000000000e+06
2.821167250000000000e+06
2.803781500000000000e+06
2.786531000000000000e+06
2.769413500000000000e+06
2.752428500000000000e+06
2.735574250000000000e+06
2.718849750000000000e+06
2.702254000000000000e+06
2.685786250000000000e+06
2.669444250000000000e+06
2.653228000000000000e+06
2.637135500000000000e+06
2.621166500000000000e+06
2.605319000000000000e+06
2.589592500000000000e+06
2.573985500000000000e+06
2.558497250000000000e+06
2.543127000000000000e+06
2.527873000000000000e+06
2.512734250000000000e+06
2.497710000000000000e+06
2.482799750000000000e+06
2.468001500000000000e+06
2.453314500000000000e+06
2.438738500000000000e+06
2.424271500000000000e+06
2.409913250000000000e+06
2.395662500000000000e+06
2.381518500000000000e+06
2.367479750000000000e+06
2.353545750000000000e+06
2.339715750000000000e+06
2.325988500000000000e+06
2.312363250000000000e+06
2.298838750000000000e+06
2.285415000000000000e+06
2.272090000000000000e+06
2.258863500000000000e+06
2.245734500000000000e+06
2.232702250000000000e+06
2.219765750000000000e+06
2.206924250000000000e+06
2.194177000000000000e+06
2.181523000000000000e+06
2.168961250000000000e+06
2.156491750000000000e+06
2.144113000000000000e+06
2.131824250000000000e+06
2.119624750000000000e+06
2.107513750000000000e+06
2.095490625000000000e+06
2.083554500000000000e+06
2.071704750000000000e+06
2.059940500000000000e+06
2.048260875000000000e+06
2.036665500000000000e+06
2.025153250000000000e+06
2.013723750000000000e+06
2.002376000000000000e+06
1.991109500000000000e+06
1.979923375000000000e+06
1.968817125000000000e+06
1.957790000000000000e+06
1.946841375000000000e+06
1.935970500000000000e+06
1.925176625000000000e+06
1.914459125000000000e+06
1.903817625000000000e+06
1.893251250000000000e+06
1.882759125000000000e+06
1.872341000000000000e+06
1.861996250000000000e+06
1.851724000000000000e+06
1.841523875000000000e+06
1.831395000000000000e+06
1.821337000000000000e+06
1.811349125000000000e+06
1.801430750000000000e+06
1.791581625000000000e+06
1.781800750000000000e+06
1.772087875000000000e+06
1.762442250000000000e+06
1.752863625000000000e+06
1.743350625000000000e+06
1.733903625000000000e+06
1.724521750000000000e+06
1.715204375000000000e+06
1.705950750000000000e+06
1.696760625000000000e+06
1.687633750000000000e+06
1.678568875000000000e+06
1.669566250000000000e+06
1.660624875000000000e+06
1.651744250000000000e+06
1.642924375000000000e+06
1.634164125000000000e+06
1.625463000000000000e+06
1.616821125000000000e+06
1.608237500000000000e+06
1.599712000000000000e+06
1.591244000000000000e+06
1.582832500000000000e+06
1.574477875000000000e+06
1.566179375000000000e+06
1.557936375000000000e+06
1.549748625000000000e+06
1.541615750000000000e+06
1.533536875000000000e+06
1.525511875000000000e+06
1.517540250000000000e+06
1.509621500000000000e+06
1.501755375000000000e+06
1.493941625000000000e+06
1.486179250000000000e+06
1.478468250000000000e+06
1.470807875000000000e+06
1.463198125000000000e+06
1.455638625000000000e+06
1.448128625000000000e+06
1.440667750000000000e+06
1.433255875000000000e+06
1.425892375000000000e+06
1.418577000000000000e+06
1.411309500000000000e+06
1.404089125000000000e+06
1.396915750000000000e+06
1.389789000000000000e+06
1.382708375000000000e+06
1.375673625000000000e+06
1.368684500000000000e+06
1.361740500000000000e+06
1.354841125000000000e+06
1.347986125000000000e+06
1.341175375000000000e+06
1.334408250000000000e+06
1.327684500000000000e+06
1.321003875000000000e+06
1.314365875000000000e+06
1.307770375000000000e+06
1.301216750000000000e+06
1.294705000000000000e+06
1.288234500000000000e+06
1.281805250000000000e+06
1.275416750000000000e+06
1.269068625000000000e+06
1.262760625000000000e+06
1.256492750000000000e+06
1.250264000000000000e+06
1.244074500000000000e+06
1.237924000000000000e+06
1.231812125000000000e+06
1.225738750000000000e+06
1.219703125000000000e+06
1.213705375000000000e+06
1.207745000000000000e+06
1.201821875000000000e+06
1.195935625000000000e+06
1.190086000000000000e+06
1.184272750000000000e+06
1.178495375000000000e+06
1.172754000000000000e+06
1.167047875000000000e+06
1.161377375000000000e+06
1.155741500000000000e+06
1.150140500000000000e+06
1.144573750000000000e+06
1.139041625000000000e+06
1.133543000000000000e+06
1.128078125000000000e+06
1.122646875000000000e+06
1.117248750000000000e+06
1.111883500000000000e+06
1.106551125000000000e+06
1.101251000000000000e+06
1.095983250000000000e+06
1.090747375000000000e+06
1.085543125000000000e+06
1.080370500000000000e+06
1.075229250000000000e+06
1.070118750000000000e+06
1.065039250000000000e+06
1.059990375000000000e+06
1.054971875000000000e+06
1.049983375000000000e+06
1.045024750000000000e+06
1.040095937500000000e+06
1.035196687500000000e+06
1.030326625000000000e+06
1.025485562500000000e+06
1.020673375000000000e+06
1.015889812500000000e+06
1.011134625000000000e+06
1.006407750000000000e+06
1.001708875000000000e+06
9.970377500000000000e+05
9.923943125000000000e+05
9.877783125000000000e+05
9.831893125000000000e+05
9.786275625000000000e+05
9.740926250000000000e+05
9.695843125000000000e+05
9.651023750000000000e+05
9.606466875000000000e+05
9.562170625000000000e+05
9.518133750000000000e+05
9.474353750000000000e+05
9.430828750000000000e+05
9.387556875000000000e+05
9.344537500000000000e+05
9.301765625000000000e+05
9.259243750000000000e+05
9.216968125000000000e+05
9.174936875000000000e+05
9.133148750000000000e+05
9.091600625000000000e+05
9.050292500000000000e+05
9.009221250000000000e+05
8.968387500000000000e+05
8.927787500000000000e+05
8.887420000000000000e+05
8.847283750000000000e+05
8.807376875000000000e+05
8.767697500000000000e+05
8.728247500000000000e+05
8.689018750000000000e+05
8.650014375000000000e+05
8.611230625000000000e+05
8.572668750000000000e+05
8.534325000000000000e+05
8.496197500000000000e+05
8.458286875000000000e+05
8.420590000000000000e+05
8.383105000000000000e+05
8.345831875000000000e+05
8.308768750000000000e+05
8.271913750000000000e+05
8.235266875000000000e+05
8.198822500000000000e+05
8.162585000000000000e+05
8.126548125000000000e+05
8.090713125000000000e+05
8.055079375000000000e+05
8.019643125000000000e+05
7.984403750000000000e+05
7.949361250000000000e+05
7.914512500000000000e+05
7.879856875000000000e+05
7.845395000000000000e+05
7.811121875000000000e+05
7.777038125000000000e+05
7.743144375000000000e+05
7.709436875000000000e+05
7.675914375000000000e+05
7.642576250000000000e+05
7.609421875000000000e+05
7.576448750000000000e+05
7.543656875000000000e+05
7.511043750000000000e+05
7.478609375000000000e+05
7.446352500000000000e+05
7.414271250000000000e+05
7.382364375000000000e+05
7.350631250000000000e+05
7.319071250000000000e+05
7.287681875000000000e+05
7.256463750000000000e+05
7.225414375000000000e+05
7.194533125000000000e+05
7.163818125000000000e+05
7.133269375000000000e+05
7.102885000000000000e+05
7.072664375000000000e+05
7.042606250000000000e+05
7.012710000000000000e+05
6.982973750000000000e+05
6.953396875000000000e+05
6.923979375000000000e+05
6.894718750000000000e+05
6.865614375000000000e+05
6.836664375000000000e+05
6.807870000000000000e+05
6.779228750000000000e+05
6.750739375000000000e+05
6.722401250000000000e+05
6.694214375000000000e+05
6.666176250000000000e+05
6.638286250000000000e+05
6.610544375000000000e+05
6.582948750000000000e+05
6.555499375000000000e+05
6.528193750000000000e+05
6.501032500000000000e+05
6.474013750000000000e+05
6.447136875000000000e+05
6.420401250000000000e+05
6.393805000000000000e+05
6.367349375000000000e+05
6.341031875000000000e+05
6.314851250000000000e+05
6.288807500000000000e+05
6.262899375000000000e+05
6.237126250000000000e+05
6.211487500000000000e+05
6.185980625000000000e+05
6.160608125000000000e+05
6.135366875000000000e+05
6.110254375000000000e+05
6.085274375000000000e+05
6.060421875000000000e+05
6.035697500000000000e+05
6.011101250000000000e+05
5.986631875000000000e+05
5.962288125000000000e+05
5.938070000000000000e+05
5.913975000000000000e+05
5.890004375000000000e+05
5.866156250000000000e+05
5.842430625000000000e+05
5.818826250000000000e+05
5.795342500000000000e+05
5.771978125000000000e+05
5.748732500000000000e+05
5.725606250000000000e+05
5.702596875000000000e+05
5.679704375000000000e+05
5.656928125000000000e+05
5.634268125000000000e+05
5.611721250000000000e+05
5.589290000000000000e+05
5.566971875000000000e+05
5.544765625000000000e+05
5.522671875000000000e+05
5.500689375000000000e+05
5.478817500000000000e+05
5.457055625000000000e+05
5.435402500000000000e+05
5.413858750000000000e+05
5.392423125000000000e+05
5.371093750000000000e+05
5.349871875000000000e+05
5.328755625000000000e+05
5.307745625000000000e+05
5.286838750000000000e+05
5.266036875000000000e+05
5.245338750000000000e+05
5.224743125000000000e+05
5.204250312500000000e+05
5.183859062500000000e+05
5.163568125000000000e+05
5.143378437500000000e+05
5.123288437500000000e+05
5.103297812500000000e+05
5.083405625000000000e+05
5.063611250000000000e+05
5.043914062500000000e+05
5.024314687500000000e+05
5.004812187500000000e+05
4.985404062500000000e+05
4.966091250000000000e+05
4.946873750000000000e+05
4.927750000000000000e+05
4.908719687500000000e+05
4.889783125000000000e+05
4.870937812500000000e+05
4.852185000000000000e+05
4.833524062500000000e+05
4.814953125000000000e+05
4.796473125000000000e+05
4.778082500000000000e+05
4.759780937500000000e+05
4.741568437500000000e+05
4.723443750000000000e+05
4.705406875000000000e+05
4.687457500000000000e+05
4.669595000000000000e+05
4.651818125000000000e+05
4.634127500000000000e+05
4.616521875000000000e+05
4.599000625000000000e+05
4.581562812500000000e+05
4.564210312500000000e+05
4.546940312500000000e+05
4.529753437500000000e+05
4.512648437500000000e+05
4.495625000000000000e+05
4.478683437500000000e+05
4.461822812500000000e+05
4.445041562500000000e+05
4.428340937500000000e+05
4.411720312500000000e+05
4.395178125000000000e+05
4.378715000000000000e+05
4.362329687500000000e+05
4.346021562500000000e+05
4.329791875000000000e+05
4.313637812500000000e+05
4.297560937500000000e+05
4.281559375000000000e+05
4.265634375000000000e+05
4.249783437500000000e+05
4.234007500000000000e+05
4.218305625000000000e+05
4.202677812500000000e+05
4.187123125000000000e+05
4.171641875000000000e+05
4.156232812500000000e+05
4.140895937500000000e+05
4.125631562500000000e+05
4.110437812500000000e+05
4.095315000000000000e+05
4.080263437500000000e+05
4.065281562500000000e+05
4.050369062500000000e+05
4.035526875000000000e+05
4.020753125000000000e+05
4.006048125000000000e+05
3.991411250000000000e+05
3.976842500000000000e+05
3.962340937500000000e+05
3.947907187500000000e+05
3.933539687500000000e+05
3.919238750000000000e+05
3.905003125000000000e+05
3.890834062500000000e+05
3.876729375000000000e+05
3.862690312500000000e+05
3.848715625000000000e+05
3.834805625000000000e+05
3.820958750000000000e+05
3.807175312500000000e+05
3.793455937500000000e+05
3.779798750000000000e+05
3.766204375000000000e+05
3.752671875000000000e+05
3.739200625000000000e+05
3.725791250000000000e+05
3.712443437500000000e+05
3.699156250000000000e+05
3.685929062500000000e+05
3.672762812500000000e+05
3.659655937500000000e+05
3.646608437500000000e+05
3.633620000000000000e+05
3.620690000000000000e+05
3.607819375000000000e+05
3.595007187500000000e+05
3.582252187500000000e+05
3.569555000000000000e+05
3.556914687500000000e+05
3.544331875000000000e+05
3.531805937500000000e+05
3.519335625000000000e+05
3.506921875000000000e+05
3.494563750000000000e+05
3.482260625000000000e+05
3.470013125000000000e+05
3.457820625000000000e+05
3.445682500000000000e+05
3.433598750000000000e+05
3.421568750000000000e+05
3.409592500000000000e+05
3.397669375000000000e+05
3.385800000000000000e+05
3.373983125000000000e+05
3.362219062500000000e+05
3.350507187500000000e+05
3.338846875000000000e+05
3.327238750000000000e+05
3.315681875000000000e+05
3.304176250000000000e+05
3.292721562500000000e+05
3.281317812500000000e+05
3.269964062500000000e+05
3.258660937500000000e+05
3.247407187500000000e+05
3.236202812500000000e+05
3.225048125000000000e+05
3.213942500000000000e+05
3.202885937500000000e+05
3.191877812500000000e+05
3.180917500000000000e+05
3.170005625000000000e+05
3.159141562500000000e+05
3.148325000000000000e+05
3.137555625000000000e+05
3.126833750000000000e+05
3.116158437500000000e+05
3.105529687500000000e+05
3.094947500000000000e+05
3.084410937500000000e+05
3.073920312500000000e+05
3.063475625000000000e+05
3.053075625000000000e+05
3.042721250000000000e+05
3.032412187500000000e+05
3.022146875000000000e+05
3.011927187500000000e+05
3.001750937500000000e+05
2.991618750000000000e+05
2.981530312500000000e+05
2.971485625000000000e+05
2.961484375000000000e+05
2.951525625000000000e+05
2.941610312500000000e+05
2.931737187500000000e+05
2.921907187500000000e+05
2.912119062500000000e+05
2.902372812500000000e+05
2.892668125000000000e+05
2.883005937500000000e+05
2.873384062500000000e+05
2.863804062500000000e+05
2.854264687500000000e+05
2.844766250000000000e+05
2.835308125000000000e+05
2.825890312500000000e+05
2.816512812500000000e+05
2.807175312500000000e+05
2.797877187500000000e+05
2.788618437500000000e+05
2.779400000000000000e+05
2.770219687500000000e+05
2.761078437500000000e+05
2.751975937500000000e+05
2.742912500000000000e+05
2.733886562500000000e+05
2.724899062500000000e+05
2.715950312500000000e+05
2.707038437500000000e+05
2.698164375000000000e+05
2.689327500000000000e+05
2.680528437500000000e+05
2.671765937500000000e+05
2.663040000000000000e+05
2.654351562500000000e+05
2.645698437500000000e+05
2.637082187500000000e+05
2.628502187500000000e+05
2.619957812500000000e+05
2.611449687500000000e+05
2.602976875000000000e+05
2.594539218750000000e+05
2.586136875000000000e+05
2.577769687500000000e+05
2.569437343750000000e+05
2.561139687500000000e+05
2.552876562500000000e+05
2.544647656250000000e+05
2.536453281250000000e+05
2.528292343750000000e+05
2.520165781250000000e+05
2.512072343750000000e+05
2.504012968750000000e+05
2.495986718750000000e+05
2.487993593750000000e+05
2.480033593750000000e+05
2.472106406250000000e+05
2.464211875000000000e+05
2.456349843750000000e+05
2.448520312500000000e+05
2.440722656250000000e+05
2.432957656250000000e+05
2.425224375000000000e+05
2.417522812500000000e+05
2.409852812500000000e+05
2.402214062500000000e+05
2.394606718750000000e+05
2.387030781250000000e+05
2.379485781250000000e+05
2.371971406250000000e+05
2.364487968750000000e+05
2.357034375000000000e+05
2.349611875000000000e+05
2.342219218750000000e+05
2.334857187500000000e+05
2.327524687500000000e+05
2.320221875000000000e+05
2.312948750000000000e+05
2.305705468750000000e+05
2.298491875000000000e+05
2.291306875000000000e+05
2.284151250000000000e+05
2.277024531250000000e+05
2.269926562500000000e+05
2.262857500000000000e+05
2.255816875000000000e+05
2.248804531250000000e+05
2.241820468750000000e+05
2.234864531250000000e+05
2.227936875000000000e+05
2.221036562500000000e+05
2.214164375000000000e+05
2.207319843750000000e+05
2.200502656250000000e+05
2.193712656250000000e+05
2.186950000000000000e+05
2.180214687500000000e+05
2.173505781250000000e+05
2.166824062500000000e+05
2.160169218750000000e+05
2.153540468750000000e+05
2.146938437500000000e+05
2.140362656250000000e+05
2.133813281250000000e+05
2.127289843750000000e+05
2.120792031250000000e+05
2.114320312500000000e+05
2.107874218750000000e+05
2.101453906250000000e+05
2.095059062500000000e+05
2.088689375000000000e+05
2.082345156250000000e+05
2.076025781250000000e+05
2.069731718750000000e+05
2.063462187500000000e+05
2.057217500000000000e+05
2.050997500000000000e+05
2.044802031250000000e+05
2.038630781250000000e+05
2.032484062500000000e+05
2.026361406250000000e+05
2.020262812500000000e+05
2.014188281250000000e+05
2.008137656250000000e+05
2.002110625000000000e+05
1.996107031250000000e+05
1.990127343750000000e+05
1.984171093750000000e+05
1.978237812500000000e+05
1.972327812500000000e+05
1.966440781250000000e+05
1.960576875000000000e+05
1.954735781250000000e+05
1.948917500000000000e+05
1.943121875000000000e+05
1.937348906250000000e+05
1.931598125000000000e+05
1.925870000000000000e+05
1.920163906250000000e+05
1.914479843750000000e+05
1.908818125000000000e+05
1.903178125000000000e+05
1.897559843750000000e+05
1.891963750000000000e+05
1.886388906250000000e+05
1.880835625000000000e+05
1.875303750000000000e+05
1.869793281250000000e+05
1.864304375000000000e+05
1.858836093750000000e+05
1.853389531250000000e+05
1.847963281250000000e+05
1.842557968750000000e+05
1.837173593750000000e+05
1.831809843750000000e+05
1.826466562500000000e+05
1.821143906250000000e+05
1.815841406250000000e+05
1.810559531250000000e+05
1.805297656250000000e+05
1.800055937500000000e+05
1.794834218750000000e+05
1.789632500000000000e+05
1.784450625000000000e+05
1.779288593750000000e+05
1.774145781250000000e+05
1.769022812500000000e+05
1.763919375000000000e+05
1.758835312500000000e+05
1.753770312500000000e+05
1.748724843750000000e+05
1.743698437500000000e+05
1.738691093750000000e+05
1.733702500000000000e+05
1.728733125000000000e+05
1.723782187500000000e+05
1.718850312500000000e+05
1.713936562500000000e+05
1.709041562500000000e+05
1.704165312500000000e+05
1.699307343750000000e+05
1.694467500000000000e+05
1.689645625000000000e+05
1.684842187500000000e+05
1.680056718750000000e+05
1.675289218750000000e+05
1.670539687500000000e+05
1.665807656250000000e+05
1.661093906250000000e+05
1.656397500000000000e+05
1.651718750000000000e+05
1.647057187500000000e+05
1.642413593750000000e+05
1.637786875000000000e+05
1.633177343750000000e+05
1.628585312500000000e+05
1.624010156250000000e+05
1.619452343750000000e+05
1.614911406250000000e+05
1.610387031250000000e+05
1.605879687500000000e+05
1.601388906250000000e+05
1.596915156250000000e+05
1.592457812500000000e+05
1.588016718750000000e+05
1.583592343750000000e+05
1.579184218750000000e+05
1.574792187500000000e+05
1.570417031250000000e+05
1.566057500000000000e+05
1.561714218750000000e+05
1.557386875000000000e+05
