5.288888238080000000e+11
-2.073563136000000000e+10
-1.231921049600000000e+10
-8.154071552000000000e+09
-5.629619712000000000e+09
-4.063511040000000000e+09
-3.006744064000000000e+09
-2.285704960000000000e+09
-1.767235840000000000e+09
-1.392038528000000000e+09
-1.110345728000000000e+09
-8.978808320000000000e+08
-7.331866880000000000e+08
-6.050083200000000000e+08
-5.031269760000000000e+08
-4.218304640000000000e+08
-3.558757120000000000e+08
-3.021570560000000000e+08
-2.578208160000000000e+08
-2.210844000000000000e+08
-1.903169440000000000e+08
-1.644490240000000000e+08
-1.425090880000000000e+08
-1.238313440000000000e+08
-1.078156800000000000e+08
-9.403425600000000000e+07
-8.210428000000000000e+07
-7.174312800000000000e+07
-6.269954400000000000e+07
-5.478219200000000000e+07
-4.782182400000000000e+07
-4.168606400000000000e+07
-3.625820000000000000e+07
-3.144481800000000000e+07
-2.716371200000000000e+07
-2.334776600000000000e+07
-1.993796600000000000e+07
-1.688529400000000000e+07
-1.414663300000000000e+07
-1.168564300000000000e+07
-9.470319000000000000e+06
-7.473353000000000000e+06
-5.670642000000000000e+06
-4.041401750000000000e+06
-2.567242750000000000e+06
-1.232164500000000000e+06
-2.196867187500000000e+04
1.075794500000000000e+06
2.072207500000000000e+06
2.977054500000000000e+06
3.799067500000000000e+06
4.546005000000000000e+06
5.224815000000000000e+06
5.841696000000000000e+06
6.402220500000000000e+06
6.911383500000000000e+06
7.373685500000000000e+06
7.793180000000000000e+06
8.173529000000000000e+06
8.518041000000000000e+06
8.829718000000000000e+06
9.111275000000000000e+06
9.365183000000000000e+06
9.593689000000000000e+06
9.798836000000000000e+06
9.982493000000000000e+06
1.014636200000000000e+07
1.029199400000000000e+07
1.042082200000000000e+07
1.053414300000000000e+07
1.063315700000000000e+07
1.071896100000000000e+07
1.079256400000000000e+07
1.085489200000000000e+07
1.090680000000000000e+07
1.094907700000000000e+07
1.098244600000000000e+07
1.100757600000000000e+07
1.102508600000000000e+07
1.103554800000000000e+07
1.103949000000000000e+07
1.103740000000000000e+07
1.102973300000000000e+07
1.101690700000000000e+07
1.099931100000000000e+07
1.097730600000000000e+07
1.095123100000000000e+07
1.092139200000000000e+07
1.088808300000000000e+07
1.085157000000000000e+07
1.081210500000000000e+07
1.076991900000000000e+07
1.072523100000000000e+07
1.067824200000000000e+07
1.062914100000000000e+07
1.057810500000000000e+07
1.052529100000000000e+07
1.047085800000000000e+07
1.041494700000000000e+07
1.035769000000000000e+07
1.029921100000000000e+07
1.023962600000000000e+07
1.017904300000000000e+07
1.011756200000000000e+07
1.005527800000000000e+07
9.992280000000000000e+06
9.928650000000000000e+06
9.864464000000000000e+06
9.799794000000000000e+06
9.734705000000000000e+06
9.669266000000000000e+06
9.603529000000000000e+06
9.537553000000000000e+06
9.471385000000000000e+06
9.405075000000000000e+06
9.338668000000000000e+06
9.272207000000000000e+06
9.205728000000000000e+06
9.139267000000000000e+06
9.072860000000000000e+06
9.006538000000000000e+06
8.940329000000000000e+06
8.874263000000000000e+06
8.808362000000000000e+06
8.742652000000000000e+06
8.677154000000000000e+06
8.611889000000000000e+06
8.546877000000000000e+06
8.482134000000000000e+06
8.417676000000000000e+06
8.353518000000000000e+06
8.289676500000000000e+06
8.226162500000000000e+06
8.162988000000000000e+06
8.100163000000000000e+06
8.037699500000000000e+06
7.975606500000000000e+06
7.913891000000000000e+06
7.852560500000000000e+06
7.791624000000000000e+06
7.731084500000000000e+06
7.670950500000000000e+06
7.611226000000000000e+06
7.551917500000000000e+06
7.493026000000000000e+06
7.434556000000000000e+06
7.376512500000000000e+06
7.318896000000000000e+06
7.261709500000000000e+06
7.204955000000000000e+06
7.148633000000000000e+06
7.092747500000000000e+06
7.037295500000000000e+06
6.982281000000000000e+06
6.927703000000000000e+06
6.873561000000000000e+06
6.819856000000000000e+06
6.766587000000000000e+06
6.713753500000000000e+06
6.661354500000000000e+06
6.609390000000000000e+06
6.557857500000000000e+06
6.506756500000000000e+06
6.456086000000000000e+06
6.405842000000000000e+06
6.356026000000000000e+06
6.306634500000000000e+06
6.257665000000000000e+06
6.209117000000000000e+06
6.160987500000000000e+06
6.113274000000000000e+06
6.065974000000000000e+06
6.019086500000000000e+06
5.972608000000000000e+06
5.926535000000000000e+06
5.880867000000000000e+06
5.835599000000000000e+06
5.790730500000000000e+06
5.746257000000000000e+06
5.702177500000000000e+06
5.658487500000000000e+06
5.615185000000000000e+06
5.572266000000000000e+06
5.529729000000000000e+06
5.487570500000000000e+06
5.445788000000000000e+06
5.404377500000000000e+06
5.363337000000000000e+06
5.322662500000000000e+06
5.282352000000000000e+06
5.242401000000000000e+06
5.202808500000000000e+06
5.163569500000000000e+06
5.124682500000000000e+06
5.086144000000000000e+06
5.047949500000000000e+06
5.010098500000000000e+06
4.972586000000000000e+06
4.935410500000000000e+06
4.898567000000000000e+06
4.862055000000000000e+06
4.825869000000000000e+06
4.790008000000000000e+06
4.754467500000000000e+06
4.719245500000000000e+06
4.684339500000000000e+06
4.649745000000000000e+06
4.615460000000000000e+06
4.581482000000000000e+06
4.547807500000000000e+06
4.514434000000000000e+06
4.481358000000000000e+06
4.448577000000000000e+06
4.416089000000000000e+06
4.383890000000000000e+06
4.351977500000000000e+06
4.320349500000000000e+06
4.289002000000000000e+06
4.257934000000000000e+06
4.227141000000000000e+06
4.196621000000000000e+06
4.166372000000000000e+06
4.136391000000000000e+06
4.106675000000000000e+06
4.077221000000000000e+06
4.048028000000000000e+06
4.019092500000000000e+06
3.990411250000000000e+06
3.961983000000000000e+06
3.933804750000000000e+06
3.905873500000000000e+06
3.878188000000000000e+06
3.850745500000000000e+06
3.823542500000000000e+06
3.796577500000000000e+06
3.769849000000000000e+06
3.743353000000000000e+06
3.717088250000000000e+06
3.691052000000000000e+06
3.665242250000000000e+06
3.639656750000000000e+06
3.614293000000000000e+06
3.589149000000000000e+06
3.564222750000000000e+06
3.539511500000000000e+06
3.515014250000000000e+06
3.490727500000000000e+06
3.466650250000000000e+06
3.442780250000000000e+06
3.419115000000000000e+06
3.395652750000000000e+06
3.372391000000000000e+06
3.349328500000000000e+06
3.326462750000000000e+06
3.303792500000000000e+06
3.281315000000000000e+06
3.259029000000000000e+06
3.236932000000000000e+06
3.215023000000000000e+06
3.193299000000000000e+06
3.171759000000000000e+06
3.150401000000000000e+06
3.129223000000000000e+06
3.108223500000000000e+06
3.087401000000000000e+06
3.066752750000000000e+06
3.046278000000000000e+06
3.025974750000000000e+06
3.005841250000000000e+06
2.985875750000000000e+06
2.966077250000000000e+06
2.946443000000000000e+06
2.926972000000000000e+06
2.907663000000000000e+06
2.888514000000000000e+06
2.869523750000000000e+06
2.850690250000000000e+06
2.832011750000000000e+06
2.813487750000000000e+06
2.795115750000000000e+06
2.776895500000000000e+06
2.758824000000000000e+06
2.740900500000000000e+06
2.723124000000000000e+06
2.705492000000000000e+06
2.688004750000000000e+06
2.670659250000000000e+06
2.653454500000000000e+06
2.636390000000000000e+06
2.619463500000000000e+06
2.602674250000000000e+06
2.586020750000000000e+06
2.569501000000000000e+06
2.553115000000000000e+06
2.536860500000000000e+06
2.520736500000000000e+06
2.504742000000000000e+06
2.488875500000000000e+06
2.473135500000000000e+06
2.457521250000000000e+06
2.442031500000000000e+06
2.426665250000000000e+06
2.411420750000000000e+06
2.396297500000000000e+06
2.381293750000000000e+06
2.366409000000000000e+06
2.351641250000000000e+06
2.336990250000000000e+06
2.322454500000000000e+06
2.308033000000000000e+06
2.293724750000000000e+06
2.279528500000000000e+06
2.265443500000000000e+06
2.251468250000000000e+06
2.237602250000000000e+06
2.223844000000000000e+06
2.210192750000000000e+06
2.196647250000000000e+06
2.183206750000000000e+06
2.169870500000000000e+06
2.156637500000000000e+06
2.143506000000000000e+06
2.130475750000000000e+06
2.117546250000000000e+06
2.104715500000000000e+06
2.091983250000000000e+06
2.079348500000000000e+06
2.066810125000000000e+06
2.054367750000000000e+06
2.042019750000000000e+06
2.029766000000000000e+06
2.017605250000000000e+06
2.005536750000000000e+06
1.993559375000000000e+06
1.981672750000000000e+06
1.969875500000000000e+06
1.958167625000000000e+06
1.946547500000000000e+06
1.935015000000000000e+06
1.923568750000000000e+06
1.912208125000000000e+06
1.900932500000000000e+06
1.889741500000000000e+06
1.878633500000000000e+06
1.867608250000000000e+06
1.856664750000000000e+06
1.845802500000000000e+06
1.835021000000000000e+06
1.824319000000000000e+06
1.813696000000000000e+06
1.803151750000000000e+06
1.792684500000000000e+06
1.782295000000000000e+06
1.771981000000000000e+06
1.761743000000000000e+06
1.751579625000000000e+06
1.741490625000000000e+06
1.731475500000000000e+06
1.721533125000000000e+06
1.711663000000000000e+06
1.701864625000000000e+06
1.692137375000000000e+06
1.682480250000000000e+06
1.672892875000000000e+06
1.663375000000000000e+06
1.653925625000000000e+06
1.644544250000000000e+06
1.635230125000000000e+06
1.625982875000000000e+06
1.616802000000000000e+06
1.607686375000000000e+06
1.598636250000000000e+06
1.589650375000000000e+06
1.580728875000000000e+06
1.571870500000000000e+06
1.563075000000000000e+06
1.554341750000000000e+06
1.545670250000000000e+06
1.537060250000000000e+06
1.528511125000000000e+06
1.520021750000000000e+06
1.511592250000000000e+06
1.503222125000000000e+06
1.494910500000000000e+06
1.486656875000000000e+06
1.478461375000000000e+06
1.470322750000000000e+06
1.462241125000000000e+06
1.454215500000000000e+06
1.446245750000000000e+06
1.438331250000000000e+06
1.430471625000000000e+06
1.422666375000000000e+06
1.414915000000000000e+06
1.407217000000000000e+06
1.399572250000000000e+06
1.391979875000000000e+06
1.384439625000000000e+06
1.376951375000000000e+06
1.369514000000000000e+06
1.362127625000000000e+06
1.354791625000000000e+06
1.347505875000000000e+06
1.340269375000000000e+06
1.333082125000000000e+06
1.325943750000000000e+06
1.318853625000000000e+06
1.311811500000000000e+06
1.304817125000000000e+06
1.297869750000000000e+06
1.290969250000000000e+06
1.284115250000000000e+06
1.277307000000000000e+06
1.270544625000000000e+06
1.263827500000000000e+06
1.257155125000000000e+06
1.250527625000000000e+06
1.243944000000000000e+06
1.237404375000000000e+06
1.230908375000000000e+06
1.224455125000000000e+06
1.218044875000000000e+06
1.211677000000000000e+06
1.205351250000000000e+06
1.199067375000000000e+06
1.192824750000000000e+06
1.186623375000000000e+06
1.180462750000000000e+06
1.174342250000000000e+06
1.168262125000000000e+06
1.162221750000000000e+06
1.156220875000000000e+06
1.150259125000000000e+06
1.144336250000000000e+06
1.138452000000000000e+06
1.132605500000000000e+06
1.126797625000000000e+06
1.121027000000000000e+06
1.115293750000000000e+06
1.109597625000000000e+06
1.103938125000000000e+06
1.098315250000000000e+06
1.092728375000000000e+06
1.087177625000000000e+06
1.081662375000000000e+06
1.076182375000000000e+06
1.070737375000000000e+06
1.065327250000000000e+06
1.059951875000000000e+06
1.054610500000000000e+06
1.049303000000000000e+06
1.044029375000000000e+06
1.038789437500000000e+06
1.033582500000000000e+06
1.028408437500000000e+06
1.023267000000000000e+06
1.018158250000000000e+06
1.013081500000000000e+06
1.008036750000000000e+06
1.003023625000000000e+06
9.980422500000000000e+05
9.930917500000000000e+05
9.881723125000000000e+05
9.832837500000000000e+05
9.784256250000000000e+05
9.735977500000000000e+05
9.687998750000000000e+05
9.640319375000000000e+05
9.592935000000000000e+05
9.545845625000000000e+05
9.499047500000000000e+05
9.452537500000000000e+05
9.406315625000000000e+05
9.360377500000000000e+05
9.314723125000000000e+05
9.269350000000000000e+05
9.224254375000000000e+05
9.179436250000000000e+05
9.134893125000000000e+05
9.090620625000000000e+05
9.046619375000000000e+05
9.002887500000000000e+05
8.959420000000000000e+05
8.916218750000000000e+05
8.873278125000000000e+05
8.830600000000000000e+05
8.788179375000000000e+05
8.746015625000000000e+05
8.704108125000000000e+05
8.662451250000000000e+05
8.621047500000000000e+05
8.579891250000000000e+05
8.538983750000000000e+05
8.498320625000000000e+05
8.457903125000000000e+05
8.417725000000000000e+05
8.377790000000000000e+05
8.338091875000000000e+05
8.298630000000000000e+05
8.259404375000000000e+05
8.220412500000000000e+05
8.181651250000000000e+05
8.143120000000000000e+05
8.104817500000000000e+05
8.066742500000000000e+05
8.028891875000000000e+05
7.991264375000000000e+05
7.953860000000000000e+05
7.916674375000000000e+05
7.879707500000000000e+05
7.842957500000000000e+05
7.806425000000000000e+05
7.770105625000000000e+05
7.733998750000000000e+05
7.698101250000000000e+05
7.662414375000000000e+05
7.626937500000000000e+05
7.591665000000000000e+05
7.556596875000000000e+05
7.521733750000000000e+05
7.487073125000000000e+05
7.452612500000000000e+05
7.418352500000000000e+05
7.384290000000000000e+05
7.350423750000000000e+05
7.316752500000000000e+05
7.283273750000000000e+05
7.249990000000000000e+05
7.216895625000000000e+05
7.183991250000000000e+05
7.151276250000000000e+05
7.118748125000000000e+05
7.086406250000000000e+05
7.054248125000000000e+05
7.022272500000000000e+05
6.990480000000000000e+05
6.958869375000000000e+05
6.927436250000000000e+05
6.896182500000000000e+05
6.865105625000000000e+05
6.834204375000000000e+05
6.803478125000000000e+05
6.772926250000000000e+05
6.742544375000000000e+05
6.712335000000000000e+05
6.682294375000000000e+05
6.652424375000000000e+05
6.622720000000000000e+05
6.593182500000000000e+05
6.563811250000000000e+05
6.534603125000000000e+05
6.505560000000000000e+05
6.476676250000000000e+05
6.447955000000000000e+05
6.419393125000000000e+05
6.390989375000000000e+05
6.362743750000000000e+05
6.334655625000000000e+05
6.306722500000000000e+05
6.278943125000000000e+05
6.251317500000000000e+05
6.223844375000000000e+05
6.196522500000000000e+05
6.169351875000000000e+05
6.142330000000000000e+05
6.115456250000000000e+05
6.088731250000000000e+05
6.062151875000000000e+05
6.035717500000000000e+05
6.009427500000000000e+05
5.983281250000000000e+05
5.957276875000000000e+05
5.931415625000000000e+05
5.905693750000000000e+05
5.880113125000000000e+05
5.854669375000000000e+05
5.829365625000000000e+05
5.804196875000000000e+05
5.779165625000000000e+05
5.754270000000000000e+05
5.729508125000000000e+05
5.704879375000000000e+05
5.680383125000000000e+05
5.656018750000000000e+05
5.631785625000000000e+05
5.607683125000000000e+05
5.583709375000000000e+05
5.559863750000000000e+05
5.536145625000000000e+05
5.512553125000000000e+05
5.489088125000000000e+05
5.465746875000000000e+05
5.442531875000000000e+05
5.419439375000000000e+05
5.396468125000000000e+05
5.373619375000000000e+05
5.350892500000000000e+05
5.328285625000000000e+05
5.305798125000000000e+05
5.283430000000000000e+05
5.261179375000000000e+05
5.239046562500000000e+05
5.217028437500000000e+05
5.195128125000000000e+05
5.173341875000000000e+05
5.151670625000000000e+05
5.130112500000000000e+05
5.108667187500000000e+05
5.087333750000000000e+05
5.066112500000000000e+05
5.045001562500000000e+05
5.024000625000000000e+05
5.003108437500000000e+05
4.982325937500000000e+05
4.961651562500000000e+05
4.941082500000000000e+05
4.920623125000000000e+05
4.900267500000000000e+05
4.880017500000000000e+05
4.859872500000000000e+05
4.839830937500000000e+05
4.819893125000000000e+05
4.800058125000000000e+05
4.780325000000000000e+05
4.760693125000000000e+05
4.741162812500000000e+05
4.721731875000000000e+05
4.702400625000000000e+05
4.683168125000000000e+05
4.664034375000000000e+05
4.644997500000000000e+05
4.626058437500000000e+05
4.607215312500000000e+05
4.588469062500000000e+05
4.569816875000000000e+05
4.551261250000000000e+05
4.532797500000000000e+05
4.514428437500000000e+05
4.496152812500000000e+05
4.477968750000000000e+05
4.459876875000000000e+05
4.441876875000000000e+05
4.423966562500000000e+05
4.406147187500000000e+05
4.388417500000000000e+05
4.370776875000000000e+05
4.353225000000000000e+05
4.335760937500000000e+05
4.318383437500000000e+05
4.301093750000000000e+05
4.283890625000000000e+05
4.266773125000000000e+05
4.249741250000000000e+05
4.232794375000000000e+05
4.215932187500000000e+05
4.199152812500000000e+05
4.182457500000000000e+05
4.165844375000000000e+05
4.149314687500000000e+05
4.132865937500000000e+05
4.116499062500000000e+05
4.100213437500000000e+05
4.084007500000000000e+05
4.067881875000000000e+05
4.051835625000000000e+05
4.035868750000000000e+05
4.019979375000000000e+05
4.004169687500000000e+05
3.988436562500000000e+05
3.972780625000000000e+05
3.957200937500000000e+05
3.941698750000000000e+05
3.926270937500000000e+05
3.910919375000000000e+05
3.895642187500000000e+05
3.880439687500000000e+05
3.865311250000000000e+05
3.850255937500000000e+05
3.835274375000000000e+05
3.820365312500000000e+05
3.805528437500000000e+05
3.790764375000000000e+05
3.776070625000000000e+05
3.761448437500000000e+05
3.746896562500000000e+05
3.732415312500000000e+05
3.718003750000000000e+05
3.703661562500000000e+05
3.689388437500000000e+05
3.675183750000000000e+05
3.661046875000000000e+05
3.646978125000000000e+05
3.632977500000000000e+05
3.619042500000000000e+05
3.605174687500000000e+05
3.591373750000000000e+05
3.577638750000000000e+05
3.563968125000000000e+05
3.550363437500000000e+05
3.536823437500000000e+05
3.523347500000000000e+05
3.509936250000000000e+05
3.496587500000000000e+05
3.483303125000000000e+05
3.470081562500000000e+05
3.456922812500000000e+05
3.443825000000000000e+05
3.430790000000000000e+05
3.417815625000000000e+05
3.404903750000000000e+05
3.392051875000000000e+05
3.379260625000000000e+05
3.366528750000000000e+05
3.353857812500000000e+05
3.341246250000000000e+05
3.328693125000000000e+05
3.316199375000000000e+05
3.303763125000000000e+05
3.291385625000000000e+05
3.279065625000000000e+05
3.266803125000000000e+05
3.254598125000000000e+05
3.242450000000000000e+05
3.230358125000000000e+05
3.218322500000000000e+05
3.206342500000000000e+05
3.194418437500000000e+05
3.182550000000000000e+05
3.170735625000000000e+05
3.158976250000000000e+05
3.147271562500000000e+05
3.135620000000000000e+05
3.124023125000000000e+05
3.112478750000000000e+05
3.100988125000000000e+05
3.089550000000000000e+05
3.078165000000000000e+05
3.066831875000000000e+05
3.055550937500000000e+05
3.044321875000000000e+05
3.033143750000000000e+05
3.022016250000000000e+05
3.010940625000000000e+05
2.999915000000000000e+05
2.988939687500000000e+05
2.978015000000000000e+05
2.967139062500000000e+05
2.956313125000000000e+05
2.945536250000000000e+05
2.934808437500000000e+05
2.924129375000000000e+05
2.913498750000000000e+05
2.902915937500000000e+05
2.892380937500000000e+05
2.881893750000000000e+05
2.871454062500000000e+05
2.861061250000000000e+05
2.850715312500000000e+05
2.840415937500000000e+05
2.830162812500000000e+05
2.819955937500000000e+05
2.809794687500000000e+05
2.799679062500000000e+05
2.789609062500000000e+05
2.779583750000000000e+05
2.769603750000000000e+05
2.759667500000000000e+05
2.749776562500000000e+05
2.739929375000000000e+05
2.730126562500000000e+05
2.720366875000000000e+05
2.710650625000000000e+05
2.700978750000000000e+05
2.691348437500000000e+05
2.681760937500000000e+05
2.672215937500000000e+05
2.662713750000000000e+05
2.653253437500000000e+05
2.643834687500000000e+05
2.634457500000000000e+05
2.625122500000000000e+05
2.615827812500000000e+05
2.606574531250000000e+05
2.597361875000000000e+05
2.588190156250000000e+05
2.579058281250000000e+05
2.569966562500000000e+05
2.560914531250000000e+05
2.551902500000000000e+05
2.542930000000000000e+05
2.533996093750000000e+05
2.525102031250000000e+05
2.516246718750000000e+05
2.507430156250000000e+05
2.498651093750000000e+05
2.489911562500000000e+05
2.481209218750000000e+05
2.472545312500000000e+05
2.463918437500000000e+05
2.455329375000000000e+05
2.446777343750000000e+05
2.438262656250000000e+05
2.429784687500000000e+05
2.421343437500000000e+05
2.412938593750000000e+05
2.404570156250000000e+05
2.396237812500000000e+05
2.387941250000000000e+05
2.379680312500000000e+05
2.371455312500000000e+05
2.363265937500000000e+05
2.355110937500000000e+05
2.346991562500000000e+05
2.338906875000000000e+05
2.330856562500000000e+05
2.322841406250000000e+05
2.314859843750000000e+05
2.306912500000000000e+05
2.298999375000000000e+05
2.291119843750000000e+05
2.283274062500000000e+05
2.275461406250000000e+05
2.267682500000000000e+05
2.259936250000000000e+05
2.252223125000000000e+05
2.244542500000000000e+05
2.236894843750000000e+05
2.229279375000000000e+05
2.221696093750000000e+05
2.214145312500000000e+05
2.206625625000000000e+05
2.199138125000000000e+05
2.191682812500000000e+05
2.184257656250000000e+05
2.176865000000000000e+05
2.169503125000000000e+05
2.162171718750000000e+05
2.154871718750000000e+05
2.147602031250000000e+05
2.140362968750000000e+05
2.133154531250000000e+05
2.125975781250000000e+05
2.118827500000000000e+05
2.111708906250000000e+05
2.104620000000000000e+05
2.097560781250000000e+05
2.090531093750000000e+05
2.083530625000000000e+05
2.076559218750000000e+05
2.069616875000000000e+05
2.062703125000000000e+05
2.055818593750000000e+05
2.048962500000000000e+05
2.042134687500000000e+05
2.035335625000000000e+05
2.028564218750000000e+05
2.021820937500000000e+05
2.015105781250000000e+05
2.008417968750000000e+05
2.001758125000000000e+05
1.995125312500000000e+05
1.988520000000000000e+05
1.981942187500000000e+05
1.975391093750000000e+05
1.968866562500000000e+05
1.962369687500000000e+05
1.955898906250000000e+05
1.949454843750000000e+05
1.943037343750000000e+05
1.936645937500000000e+05
1.930280312500000000e+05
1.923941250000000000e+05
1.917627656250000000e+05
1.911340000000000000e+05
1.905077968750000000e+05
1.898842031250000000e+05
1.892630312500000000e+05
1.886444687500000000e+05
1.880284218750000000e+05
1.874148593750000000e+05
1.868037656250000000e+05
1.861951718750000000e+05
1.855890000000000000e+05
1.849853437500000000e+05
1.843840937500000000e+05
1.837852656250000000e+05
1.831888750000000000e+05
1.825949062500000000e+05
1.820032968750000000e+05
1.814140781250000000e+05
1.808272187500000000e+05
1.802427656250000000e+05
1.796606250000000000e+05
1.790808125000000000e+05
1.785033593750000000e+05
1.779281875000000000e+05
1.773553437500000000e+05
1.767847812500000000e+05
1.762165156250000000e+05
1.756505156250000000e+05
1.750867500000000000e+05
1.745252187500000000e+05
1.739659687500000000e+05
1.734089218750000000e+05
1.728541250000000000e+05
1.723015156250000000e+05
1.717511093750000000e+05
1.712029062500000000e+05
1.706567812500000000e+05
1.701129218750000000e+05
1.695711718750000000e+05
1.690315781250000000e+05
1.684941406250000000e+05
1.679587812500000000e+05
1.674255937500000000e+05
1.668944687500000000e+05
1.663654218750000000e+05
1.658384843750000000e+05
1.653136250000000000e+05
1.647908125000000000e+05
1.642700937500000000e+05
1.637513906250000000e+05
1.632347187500000000e+05
1.627200781250000000e+05
1.622074375000000000e+05
1.616968281250000000e+05
1.611882031250000000e+05
1.606815625000000000e+05
1.601769375000000000e+05
1.596742500000000000e+05
1.591735156250000000e+05
1.586747500000000000e+05
1.581779062500000000e+05
1.576830156250000000e+05
1.571900156250000000e+05
1.566989843750000000e+05
1.562098125000000000e+05
1.557225468750000000e+05
1.552371875000000000e+05
1.547537031250000000e+05
1.542720468750000000e+05
1.537923281250000000e+05
1.533144062500000000e+05
1.528383750000000000e+05
1.523641406250000000e+05
1.518917343750000000e+05
1.514211562500000000e+05
1.509523906250000000e+05
1.504854218750000000e+05
1.500202500000000000e+05
1.495568750000000000e+05
1.490952812500000000e+05
1.486354218750000000e+05
1.481773750000000000e+05
1.477210625000000000e+05
1.472664375000000000e+05
1.468136250000000000e+05
1.463625156250000000e+05
1.459131250000000000e+05
1.454654375000000000e+05
1.450194843750000000e+05
1.445752187500000000e+05
1.441326562500000000e+05
1.436917343750000000e+05
1.432525312500000000e+05
1.428149218750000000e+05
1.423790625000000000e+05
1.419448437500000000e+05
1.415122500000000000e+05
1.410812656250000000e+05
1.406519218750000000e+05
1.402241875000000000e+05
1.397981250000000000e+05
1.393736250000000000e+05
1.389507343750000000e+05
1.385294531250000000e+05
1.381097656250000000e+05
1.376916250000000000e+05
1.372750468750000000e+05
1.368600781250000000e+05
1.364466250000000000e+05
1.360347656250000000e+05
1.356244062500000000e+05
1.352155781250000000e+05
1.348083125000000000e+05
1.344025625000000000e+05
1.339983437500000000e+05
1.335955937500000000e+05
1.331943750000000000e+05
1.327946406250000000e+05
1.323963906250000000e+05
1.319996718750000000e+05
1.316043437500000000e+05
1.312105468750000000e+05
1.308181875000000000e+05
1.304272968750000000e+05
1.300378437500000000e+05
1.296498437500000000e+05
1.292632578125000000e+05
1.288781328125000000e+05
