4.191638100377600000e+13
-2.164357201920000000e+11
-3.207658086400000000e+10
-3.194407321600000000e+10
-1.028573388800000000e+10
-1.068340224000000000e+10
-4.644570112000000000e+09
-4.839571456000000000e+09
-2.531516416000000000e+09
-2.600869888000000000e+09
-1.552480896000000000e+09
-1.564302336000000000e+09
-1.031820096000000000e+09
-1.020102016000000000e+09
-7.271456640000000000e+08
-7.073907200000000000e+08
-5.359900800000000000e+08
-5.149674560000000000e+08
-4.095445760000000000e+08
-3.900083200000000000e+08
-3.223616640000000000e+08
-3.052448960000000000e+08
-2.602054720000000000e+08
-2.456387520000000000e+08
-2.146509440000000000e+08
-2.024362880000000000e+08
-1.804782400000000000e+08
-1.703073280000000000e+08
-1.543280320000000000e+08
-1.458794560000000000e+08
-1.339679680000000000e+08
-1.269473840000000000e+08
-1.178735840000000000e+08
-1.120270080000000000e+08
-1.049789120000000000e+08
-1.000938720000000000e+08
-9.452296000000000000e+07
-9.042484800000000000e+07
-8.595250400000000000e+07
-8.249915200000000000e+07
-7.885870400000000000e+07
-7.593491200000000000e+07
-7.293494400000000000e+07
-7.044754400000000000e+07
-6.794820800000000000e+07
-6.582182800000000000e+07
-6.371926400000000000e+07
-6.189280000000000000e+07
-6.010864400000000000e+07
-5.853245600000000000e+07
-5.700673200000000000e+07
-5.564036800000000000e+07
-5.432657600000000000e+07
-5.313691200000000000e+07
-5.199852000000000000e+07
-5.095836000000000000e+07
-4.996635200000000000e+07
-4.905324000000000000e+07
-4.818433200000000000e+07
-4.737966800000000000e+07
-4.661502000000000000e+07
-4.590329600000000000e+07
-4.522745200000000000e+07
-4.459571200000000000e+07
-4.399594400000000000e+07
-4.343332000000000000e+07
-4.289908800000000000e+07
-4.239638400000000000e+07
-4.191882400000000000e+07
-4.146826800000000000e+07
-4.103996800000000000e+07
-4.063492400000000000e+07
-4.024958800000000000e+07
-3.988442000000000000e+07
-3.953668000000000000e+07
-3.920651600000000000e+07
-3.889180800000000000e+07
-3.859248400000000000e+07
-3.830686400000000000e+07
-3.803477600000000000e+07
-3.777486000000000000e+07
-3.752684800000000000e+07
-3.728969200000000000e+07
-3.706306800000000000e+07
-3.684609200000000000e+07
-3.663846800000000000e+07
-3.643947600000000000e+07
-3.624878800000000000e+07
-3.606578800000000000e+07
-3.589022000000000000e+07
-3.572151600000000000e+07
-3.555944800000000000e+07
-3.540355200000000000e+07
-3.525356000000000000e+07
-3.510912800000000000e+07
-3.496998800000000000e+07
-3.483582800000000000e+07
-3.470641600000000000e+07
-3.458150000000000000e+07
-3.446086400000000000e+07
-3.434422800000000000e+07
-3.423146000000000000e+07
-3.412232400000000000e+07
-3.401667200000000000e+07
-3.391427200000000000e+07
-3.381502000000000000e+07
-3.371871200000000000e+07
-3.362524400000000000e+07
-3.353442400000000000e+07
-3.344618200000000000e+07
-3.336034800000000000e+07
-3.327683400000000000e+07
-3.319548800000000000e+07
-3.311626200000000000e+07
-3.303897600000000000e+07
-3.296361800000000000e+07
-3.289005000000000000e+07
-3.281819600000000000e+07
-3.274797600000000000e+07
-3.267929200000000000e+07
-3.261210800000000000e+07
-3.254633800000000000e+07
-3.248189400000000000e+07
-3.241874000000000000e+07
-3.235679200000000000e+07
-3.229603200000000000e+07
-3.223636400000000000e+07
-3.217776200000000000e+07
-3.212015400000000000e+07
-3.206354200000000000e+07
-3.200780600000000000e+07
-3.195296800000000000e+07
-3.189894400000000000e+07
-3.184575400000000000e+07
-3.179329600000000000e+07
-3.174157200000000000e+07
-3.169052800000000000e+07
-3.164015200000000000e+07
-3.159041000000000000e+07
-3.154126200000000000e+07
-3.149271000000000000e+07
-3.144469000000000000e+07
-3.139718800000000000e+07
-3.135020800000000000e+07
-3.130368000000000000e+07
-3.125762400000000000e+07
-3.121200800000000000e+07
-3.116679400000000000e+07
-3.112200000000000000e+07
-3.107758200000000000e+07
-3.103351800000000000e+07
-3.098981400000000000e+07
-3.094642400000000000e+07
-3.090339200000000000e+07
-3.086062600000000000e+07
-3.081818000000000000e+07
-3.077600800000000000e+07
-3.073409200000000000e+07
-3.069244000000000000e+07
-3.065104000000000000e+07
-3.060987600000000000e+07
-3.056894000000000000e+07
-3.052822800000000000e+07
-3.048770400000000000e+07
-3.044740000000000000e+07
-3.040726600000000000e+07
-3.036733000000000000e+07
-3.032756600000000000e+07
-3.028797800000000000e+07
-3.024855400000000000e+07
-3.020928200000000000e+07
-3.017017200000000000e+07
-3.013121200000000000e+07
-3.009237200000000000e+07
-3.005368800000000000e+07
-3.001514200000000000e+07
-2.997670800000000000e+07
-2.993837800000000000e+07
-2.990020000000000000e+07
-2.986212200000000000e+07
-2.982415800000000000e+07
-2.978628400000000000e+07
-2.974854400000000000e+07
-2.971088600000000000e+07
-2.967332400000000000e+07
-2.963587800000000000e+07
-2.959850200000000000e+07
-2.956122000000000000e+07
-2.952405000000000000e+07
-2.948694600000000000e+07
-2.944991400000000000e+07
-2.941297600000000000e+07
-2.937612400000000000e+07
-2.933934000000000000e+07
-2.930263200000000000e+07
-2.926602200000000000e+07
-2.922946600000000000e+07
-2.919298200000000000e+07
-2.915657200000000000e+07
-2.912024600000000000e+07
-2.908395400000000000e+07
-2.904774200000000000e+07
-2.901160600000000000e+07
-2.897554800000000000e+07
-2.893953400000000000e+07
-2.890359000000000000e+07
-2.886771200000000000e+07
-2.883187800000000000e+07
-2.879612400000000000e+07
-2.876043600000000000e+07
-2.872478800000000000e+07
-2.868921200000000000e+07
-2.865369600000000000e+07
-2.861824200000000000e+07
-2.858284600000000000e+07
-2.854749800000000000e+07
-2.851223000000000000e+07
-2.847700400000000000e+07
-2.844183600000000000e+07
-2.840672600000000000e+07
-2.837168000000000000e+07
-2.833668600000000000e+07
-2.830175200000000000e+07
-2.826687000000000000e+07
-2.823205800000000000e+07
-2.819728200000000000e+07
-2.816256400000000000e+07
-2.812792000000000000e+07
-2.809331800000000000e+07
-2.805878000000000000e+07
-2.802429600000000000e+07
-2.798987800000000000e+07
-2.795549800000000000e+07
-2.792119400000000000e+07
-2.788692800000000000e+07
-2.785272400000000000e+07
-2.781858000000000000e+07
-2.778449200000000000e+07
-2.775046200000000000e+07
-2.771649000000000000e+07
-2.768257800000000000e+07
-2.764871800000000000e+07
-2.761490600000000000e+07
-2.758114800000000000e+07
-2.754747000000000000e+07
-2.751383600000000000e+07
-2.748027800000000000e+07
-2.744676000000000000e+07
-2.741329000000000000e+07
-2.737988800000000000e+07
-2.734655400000000000e+07
-2.731325800000000000e+07
-2.728004800000000000e+07
-2.724685600000000000e+07
-2.721376000000000000e+07
-2.718070600000000000e+07
-2.714772400000000000e+07
-2.711478200000000000e+07
-2.708190400000000000e+07
-2.704907600000000000e+07
-2.701633200000000000e+07
-2.698362800000000000e+07
-2.695098800000000000e+07
-2.691840800000000000e+07
-2.688590000000000000e+07
-2.685342800000000000e+07
-2.682104400000000000e+07
-2.678871000000000000e+07
-2.675641600000000000e+07
-2.672419800000000000e+07
-2.669202800000000000e+07
-2.665994000000000000e+07
-2.662788400000000000e+07
-2.659593000000000000e+07
-2.656401000000000000e+07
-2.653214600000000000e+07
-2.650035600000000000e+07
-2.646862200000000000e+07
-2.643694000000000000e+07
-2.640533000000000000e+07
-2.637378200000000000e+07
-2.634228000000000000e+07
-2.631085800000000000e+07
-2.627949400000000000e+07
-2.624818600000000000e+07
-2.621694000000000000e+07
-2.618575800000000000e+07
-2.615463200000000000e+07
-2.612357000000000000e+07
-2.609257600000000000e+07
-2.606165000000000000e+07
-2.603076400000000000e+07
-2.599995200000000000e+07
-2.596921000000000000e+07
-2.593850200000000000e+07
-2.590788200000000000e+07
-2.587732600000000000e+07
-2.584683000000000000e+07
-2.581637400000000000e+07
-2.578599800000000000e+07
-2.575566400000000000e+07
-2.572543000000000000e+07
-2.569523600000000000e+07
-2.566510600000000000e+07
-2.563502800000000000e+07
-2.560503800000000000e+07
-2.557509000000000000e+07
-2.554519200000000000e+07
-2.551538200000000000e+07
-2.548562800000000000e+07
-2.545592400000000000e+07
-2.542629000000000000e+07
-2.539671000000000000e+07
-2.536721800000000000e+07
-2.533776600000000000e+07
-2.530837800000000000e+07
-2.527906000000000000e+07
-2.524979800000000000e+07
-2.522059400000000000e+07
-2.519145600000000000e+07
-2.516238000000000000e+07
-2.513337400000000000e+07
-2.510441400000000000e+07
-2.507552400000000000e+07
-2.504671000000000000e+07
-2.501793200000000000e+07
-2.498922800000000000e+07
-2.496058600000000000e+07
-2.493200200000000000e+07
-2.490348000000000000e+07
-2.487503200000000000e+07
-2.484663000000000000e+07
-2.481830000000000000e+07
-2.479002800000000000e+07
-2.476180200000000000e+07
-2.473366000000000000e+07
-2.470555200000000000e+07
-2.467752800000000000e+07
-2.464955200000000000e+07
-2.462165400000000000e+07
-2.459379000000000000e+07
-2.456602000000000000e+07
-2.453829600000000000e+07
-2.451063200000000000e+07
-2.448302200000000000e+07
-2.445547600000000000e+07
-2.442800400000000000e+07
-2.440057600000000000e+07
-2.437321600000000000e+07
-2.434590200000000000e+07
-2.431866800000000000e+07
-2.429147800000000000e+07
-2.426437400000000000e+07
-2.423729400000000000e+07
-2.421029200000000000e+07
-2.418335600000000000e+07
-2.415645400000000000e+07
-2.412964600000000000e+07
-2.410288200000000000e+07
-2.407615800000000000e+07
-2.404951200000000000e+07
-2.402292800000000000e+07
-2.399639200000000000e+07
-2.396993000000000000e+07
-2.394351400000000000e+07
-2.391716000000000000e+07
-2.389086000000000000e+07
-2.386464200000000000e+07
-2.383845200000000000e+07
-2.381234000000000000e+07
-2.378626400000000000e+07
-2.376025800000000000e+07
-2.373432000000000000e+07
-2.370842600000000000e+07
-2.368260000000000000e+07
-2.365683000000000000e+07
-2.363111000000000000e+07
-2.360544000000000000e+07
-2.357985200000000000e+07
-2.355430600000000000e+07
-2.352882600000000000e+07
-2.350339000000000000e+07
-2.347801400000000000e+07
-2.345270600000000000e+07
-2.342742800000000000e+07
-2.340222600000000000e+07
-2.337708000000000000e+07
-2.335198000000000000e+07
-2.332694800000000000e+07
-2.330197800000000000e+07
-2.327705000000000000e+07
-2.325217800000000000e+07
-2.322736400000000000e+07
-2.320260000000000000e+07
-2.317791000000000000e+07
-2.315325400000000000e+07
-2.312867600000000000e+07
-2.310412800000000000e+07
-2.307965400000000000e+07
-2.305522200000000000e+07
-2.303085000000000000e+07
-2.300652600000000000e+07
-2.298226800000000000e+07
-2.295805200000000000e+07
-2.293389400000000000e+07
-2.290979600000000000e+07
-2.288574600000000000e+07
-2.286173800000000000e+07
-2.283781000000000000e+07
-2.281391000000000000e+07
-2.279007600000000000e+07
-2.276630400000000000e+07
-2.274257200000000000e+07
-2.271889000000000000e+07
-2.269526400000000000e+07
-2.267170600000000000e+07
-2.264818000000000000e+07
-2.262471400000000000e+07
-2.260129400000000000e+07
-2.257794600000000000e+07
-2.255463400000000000e+07
-2.253137800000000000e+07
-2.250817400000000000e+07
-2.248499600000000000e+07
-2.246191000000000000e+07
-2.243885200000000000e+07
-2.241586000000000000e+07
-2.239291000000000000e+07
-2.237001200000000000e+07
-2.234715600000000000e+07
-2.232435800000000000e+07
-2.230161600000000000e+07
-2.227891600000000000e+07
-2.225627200000000000e+07
-2.223368000000000000e+07
-2.221113200000000000e+07
-2.218864000000000000e+07
-2.216621000000000000e+07
-2.214380800000000000e+07
-2.212144200000000000e+07
-2.209915600000000000e+07
-2.207690400000000000e+07
-2.205470800000000000e+07
-2.203255000000000000e+07
-2.201044600000000000e+07
-2.198838400000000000e+07
-2.196638400000000000e+07
-2.194443800000000000e+07
-2.192253600000000000e+07
-2.190066800000000000e+07
-2.187885800000000000e+07
-2.185709000000000000e+07
-2.183538000000000000e+07
-2.181370400000000000e+07
-2.179208400000000000e+07
-2.177050000000000000e+07
-2.174898800000000000e+07
-2.172750200000000000e+07
-2.170607200000000000e+07
-2.168468600000000000e+07
-2.166334400000000000e+07
-2.164205400000000000e+07
-2.162081200000000000e+07
-2.159959200000000000e+07
-2.157844600000000000e+07
-2.155733400000000000e+07
-2.153628200000000000e+07
-2.151527200000000000e+07
-2.149430200000000000e+07
-2.147337400000000000e+07
-2.145249000000000000e+07
-2.143165600000000000e+07
-2.141086800000000000e+07
-2.139012600000000000e+07
-2.136942800000000000e+07
-2.134876400000000000e+07
-2.132816200000000000e+07
-2.130759400000000000e+07
-2.128707400000000000e+07
-2.126660000000000000e+07
-2.124615200000000000e+07
-2.122576600000000000e+07
-2.120542400000000000e+07
-2.118512600000000000e+07
-2.116487000000000000e+07
-2.114466600000000000e+07
-2.112448600000000000e+07
-2.110435800000000000e+07
-2.108426800000000000e+07
-2.106422800000000000e+07
-2.104422400000000000e+07
-2.102427000000000000e+07
-2.100435800000000000e+07
-2.098448400000000000e+07
-2.096465400000000000e+07
-2.094486200000000000e+07
-2.092512600000000000e+07
-2.090541400000000000e+07
-2.088576800000000000e+07
-2.086613400000000000e+07
-2.084655600000000000e+07
-2.082702000000000000e+07
-2.080753200000000000e+07
-2.078807200000000000e+07
-2.076865200000000000e+07
-2.074928400000000000e+07
-2.072995200000000000e+07
-2.071065400000000000e+07
-2.069139800000000000e+07
-2.067219600000000000e+07
-2.065302600000000000e+07
-2.063389200000000000e+07
-2.061480800000000000e+07
-2.059575400000000000e+07
-2.057675000000000000e+07
-2.055777000000000000e+07
-2.053883600000000000e+07
-2.051994400000000000e+07
-2.050108600000000000e+07
-2.048228800000000000e+07
-2.046351000000000000e+07
-2.044477000000000000e+07
-2.042607600000000000e+07
-2.040741400000000000e+07
-2.038879400000000000e+07
-2.037021600000000000e+07
-2.035167600000000000e+07
-2.033316200000000000e+07
-2.031470000000000000e+07
-2.029626600000000000e+07
-2.027787400000000000e+07
-2.025952600000000000e+07
-2.024120400000000000e+07
-2.022291800000000000e+07
-2.020468400000000000e+07
-2.018647200000000000e+07
-2.016831600000000000e+07
-2.015017000000000000e+07
-2.013208000000000000e+07
-2.011402600000000000e+07
-2.009600400000000000e+07
-2.007802400000000000e+07
-2.006008400000000000e+07
-2.004217000000000000e+07
-2.002428800000000000e+07
-2.000645200000000000e+07
-1.998864800000000000e+07
-1.997087800000000000e+07
-1.995315800000000000e+07
-1.993545400000000000e+07
-1.991779800000000000e+07
-1.990016600000000000e+07
-1.988257800000000000e+07
-1.986502000000000000e+07
-1.984750800000000000e+07
-1.983001800000000000e+07
-1.981256600000000000e+07
-1.979514600000000000e+07
-1.977777000000000000e+07
-1.976042400000000000e+07
-1.974310600000000000e+07
-1.972583000000000000e+07
-1.970858000000000000e+07
-1.969137000000000000e+07
-1.967420200000000000e+07
-1.965705400000000000e+07
-1.963994800000000000e+07
-1.962286000000000000e+07
-1.960582600000000000e+07
-1.958881600000000000e+07
-1.957183000000000000e+07
-1.955489000000000000e+07
-1.953798600000000000e+07
-1.952111200000000000e+07
-1.950426000000000000e+07
-1.948745200000000000e+07
-1.947066600000000000e+07
-1.945392600000000000e+07
-1.943720400000000000e+07
-1.942051400000000000e+07
-1.940387800000000000e+07
-1.938724600000000000e+07
-1.937066800000000000e+07
-1.935411800000000000e+07
-1.933758800000000000e+07
-1.932109600000000000e+07
-1.930464000000000000e+07
-1.928821000000000000e+07
-1.927181400000000000e+07
-1.925543800000000000e+07
-1.923911200000000000e+07
-1.922279000000000000e+07
-1.920652800000000000e+07
-1.919028800000000000e+07
-1.917407200000000000e+07
-1.915789000000000000e+07
-1.914173200000000000e+07
-1.912560600000000000e+07
-1.910950400000000000e+07
-1.909345400000000000e+07
-1.907742000000000000e+07
-1.906141200000000000e+07
-1.904545200000000000e+07
-1.902950800000000000e+07
-1.901359800000000000e+07
-1.899770800000000000e+07
-1.898184600000000000e+07
-1.896601800000000000e+07
-1.895023400000000000e+07
-1.893445600000000000e+07
-1.891874000000000000e+07
-1.890301400000000000e+07
-1.888733400000000000e+07
-1.887168600000000000e+07
-1.885606200000000000e+07
-1.884045200000000000e+07
-1.882488400000000000e+07
-1.880935000000000000e+07
-1.879384000000000000e+07
-1.877836400000000000e+07
-1.876291400000000000e+07
-1.874746800000000000e+07
-1.873207800000000000e+07
-1.871670200000000000e+07
-1.870136600000000000e+07
-1.868603600000000000e+07
-1.867075000000000000e+07
-1.865548400000000000e+07
-1.864025200000000000e+07
-1.862505000000000000e+07
-1.860987800000000000e+07
-1.859471600000000000e+07
-1.857957800000000000e+07
-1.856447800000000000e+07
-1.854940800000000000e+07
-1.853435200000000000e+07
-1.851933800000000000e+07
-1.850433800000000000e+07
-1.848937400000000000e+07
-1.847443000000000000e+07
-1.845951400000000000e+07
-1.844462200000000000e+07
-1.842975400000000000e+07
-1.841491400000000000e+07
-1.840010000000000000e+07
-1.838530800000000000e+07
-1.837055400000000000e+07
-1.835580600000000000e+07
-1.834110000000000000e+07
-1.832640800000000000e+07
-1.831175800000000000e+07
-1.829711000000000000e+07
-1.828250200000000000e+07
-1.826790800000000000e+07
-1.825335000000000000e+07
-1.823881200000000000e+07
-1.822430000000000000e+07
-1.820979800000000000e+07
-1.819533200000000000e+07
-1.818089600000000000e+07
-1.816647800000000000e+07
-1.815209600000000000e+07
-1.813771800000000000e+07
-1.812337200000000000e+07
-1.810906400000000000e+07
-1.809475600000000000e+07
-1.808048600000000000e+07
-1.806623800000000000e+07
-1.805200800000000000e+07
-1.803780400000000000e+07
-1.802363400000000000e+07
-1.800947000000000000e+07
-1.799534000000000000e+07
-1.798122400000000000e+07
-1.796714200000000000e+07
-1.795307200000000000e+07
-1.793903200000000000e+07
-1.792500600000000000e+07
-1.791101800000000000e+07
-1.789704000000000000e+07
-1.788309200000000000e+07
-1.786915200000000000e+07
-1.785526000000000000e+07
-1.784136000000000000e+07
-1.782750600000000000e+07
-1.781366600000000000e+07
-1.779984000000000000e+07
-1.778603600000000000e+07
-1.777227000000000000e+07
-1.775852400000000000e+07
-1.774479600000000000e+07
-1.773107200000000000e+07
-1.771739400000000000e+07
-1.770372000000000000e+07
-1.769007000000000000e+07
-1.767644600000000000e+07
-1.766284000000000000e+07
-1.764925000000000000e+07
-1.763570200000000000e+07
-1.762215400000000000e+07
-1.760864000000000000e+07
-1.759512800000000000e+07
-1.758165600000000000e+07
-1.756821200000000000e+07
-1.755477600000000000e+07
-1.754135200000000000e+07
-1.752795000000000000e+07
-1.751457600000000000e+07
-1.750121600000000000e+07
-1.748788200000000000e+07
-1.747457400000000000e+07
-1.746127200000000000e+07
-1.744799600000000000e+07
-1.743473800000000000e+07
-1.742150600000000000e+07
-1.740828800000000000e+07
-1.739508000000000000e+07
-1.738190600000000000e+07
-1.736876000000000000e+07
-1.735561600000000000e+07
-1.734250400000000000e+07
-1.732940000000000000e+07
-1.731631200000000000e+07
-1.730325200000000000e+07
-1.729021600000000000e+07
-1.727718200000000000e+07
-1.726418400000000000e+07
-1.725120000000000000e+07
-1.723822200000000000e+07
-1.722527600000000000e+07
-1.721234600000000000e+07
-1.719942800000000000e+07
-1.718654200000000000e+07
-1.717366600000000000e+07
-1.716081200000000000e+07
-1.714797800000000000e+07
-1.713515600000000000e+07
-1.712235000000000000e+07
-1.710956400000000000e+07
-1.709680200000000000e+07
-1.708404600000000000e+07
-1.707132400000000000e+07
-1.705861400000000000e+07
-1.704591000000000000e+07
-1.703323800000000000e+07
-1.702057000000000000e+07
-1.700793800000000000e+07
-1.699532200000000000e+07
-1.698269800000000000e+07
-1.697011800000000000e+07
-1.695754600000000000e+07
-1.694498000000000000e+07
-1.693244000000000000e+07
-1.691992000000000000e+07
-1.690742800000000000e+07
-1.689493200000000000e+07
-1.688246800000000000e+07
-1.687000400000000000e+07
-1.685757200000000000e+07
-1.684514600000000000e+07
-1.683274600000000000e+07
-1.682035000000000000e+07
-1.680798400000000000e+07
-1.679563000000000000e+07
-1.678329400000000000e+07
-1.677096600000000000e+07
-1.675865900000000000e+07
-1.674636600000000000e+07
-1.673409700000000000e+07
-1.672184300000000000e+07
-1.670959800000000000e+07
-1.669735800000000000e+07
-1.668516000000000000e+07
-1.667296200000000000e+07
-1.666078400000000000e+07
-1.664862100000000000e+07
-1.663647700000000000e+07
-1.662433200000000000e+07
-1.661221800000000000e+07
-1.660011200000000000e+07
-1.658803600000000000e+07
-1.657595500000000000e+07
-1.656389500000000000e+07
-1.655185000000000000e+07
-1.653983300000000000e+07
-1.652782300000000000e+07
-1.651583300000000000e+07
-1.650384800000000000e+07
-1.649188900000000000e+07
-1.647992500000000000e+07
-1.646799400000000000e+07
-1.645607100000000000e+07
-1.644415300000000000e+07
-1.643226600000000000e+07
-1.642039500000000000e+07
-1.640853200000000000e+07
-1.639668100000000000e+07
-1.638484600000000000e+07
-1.637302500000000000e+07
-1.636120400000000000e+07
-1.634942300000000000e+07
-1.633764000000000000e+07
-1.632587800000000000e+07
-1.631412600000000000e+07
-1.630239800000000000e+07
-1.629066800000000000e+07
-1.627896900000000000e+07
-1.626725900000000000e+07
-1.625557700000000000e+07
-1.624392200000000000e+07
-1.623226300000000000e+07
-1.622062200000000000e+07
-1.620899900000000000e+07
-1.619737400000000000e+07
-1.618577700000000000e+07
-1.617418700000000000e+07
-1.616262000000000000e+07
-1.615106200000000000e+07
-1.613951800000000000e+07
-1.612798000000000000e+07
-1.611645800000000000e+07
-1.610496100000000000e+07
-1.609346100000000000e+07
-1.608198000000000000e+07
-1.607050700000000000e+07
-1.605904700000000000e+07
-1.604759700000000000e+07
-1.603617000000000000e+07
-1.602476700000000000e+07
-1.601335500000000000e+07
-1.600196200000000000e+07
-1.599058500000000000e+07
-1.597921700000000000e+07
-1.596785500000000000e+07
-1.595652400000000000e+07
-1.594518700000000000e+07
-1.593386800000000000e+07
-1.592255900000000000e+07
-1.591126200000000000e+07
-1.589998000000000000e+07
-1.588872100000000000e+07
-1.587744700000000000e+07
-1.586621400000000000e+07
-1.585496200000000000e+07
-1.584375800000000000e+07
-1.583254900000000000e+07
-1.582134200000000000e+07
-1.581015700000000000e+07
-1.579899900000000000e+07
-1.578782600000000000e+07
-1.577667000000000000e+07
-1.576553100000000000e+07
-1.575441000000000000e+07
-1.574329100000000000e+07
-1.573218500000000000e+07
-1.572109200000000000e+07
-1.571001000000000000e+07
-1.569893300000000000e+07
-1.568788000000000000e+07
-1.567682200000000000e+07
-1.566579200000000000e+07
-1.565475900000000000e+07
-1.564374900000000000e+07
-1.563273700000000000e+07
-1.562175100000000000e+07
-1.561076900000000000e+07
-1.559979600000000000e+07
-1.558884000000000000e+07
-1.557788800000000000e+07
-1.556694200000000000e+07
-1.555601600000000000e+07
-1.554509500000000000e+07
-1.553418700000000000e+07
-1.552330100000000000e+07
-1.551241300000000000e+07
-1.550154100000000000e+07
-1.549067400000000000e+07
-1.547981400000000000e+07
-1.546897600000000000e+07
-1.545813600000000000e+07
-1.544731300000000000e+07
-1.543650400000000000e+07
-1.542570300000000000e+07
-1.541491300000000000e+07
-1.540412400000000000e+07
-1.539335000000000000e+07
-1.538259100000000000e+07
-1.537184000000000000e+07
-1.536109800000000000e+07
-1.535036300000000000e+07
-1.533963600000000000e+07
-1.532893100000000000e+07
-1.531823200000000000e+07
-1.530753300000000000e+07
-1.529685000000000000e+07
-1.528617800000000000e+07
-1.527550900000000000e+07
-1.526485900000000000e+07
-1.525422000000000000e+07
-1.524358100000000000e+07
-1.523296200000000000e+07
-1.522235000000000000e+07
-1.521175100000000000e+07
-1.520114700000000000e+07
-1.519054800000000000e+07
-1.517997900000000000e+07
-1.516941100000000000e+07
-1.515884600000000000e+07
-1.514830700000000000e+07
-1.513775300000000000e+07
-1.512723400000000000e+07
-1.511669400000000000e+07
-1.510619300000000000e+07
-1.509568000000000000e+07
-1.508518600000000000e+07
-1.507469700000000000e+07
-1.506422600000000000e+07
-1.505374800000000000e+07
-1.504329600000000000e+07
-1.503284300000000000e+07
-1.502240300000000000e+07
-1.501196600000000000e+07
-1.500154800000000000e+07
-1.499112600000000000e+07
-1.498072800000000000e+07
-1.497032000000000000e+07
-1.495992800000000000e+07
-1.494954700000000000e+07
-1.493918300000000000e+07
-1.492880900000000000e+07
-1.491845900000000000e+07
-1.490811300000000000e+07
-1.489778300000000000e+07
-1.488744000000000000e+07
-1.487712900000000000e+07
-1.486680700000000000e+07
-1.485650300000000000e+07
-1.484620600000000000e+07
-1.483591900000000000e+07
-1.482563300000000000e+07
-1.481536200000000000e+07
-1.480510000000000000e+07
-1.479484400000000000e+07
-1.478459200000000000e+07
-1.477435200000000000e+07
-1.476412200000000000e+07
-1.475390300000000000e+07
-1.474367600000000000e+07
-1.473346800000000000e+07
-1.472326300000000000e+07
-1.471307700000000000e+07
-1.470290400000000000e+07
-1.469271300000000000e+07
-1.468255300000000000e+07
-1.467238300000000000e+07
-1.466222200000000000e+07
-1.465208900000000000e+07
-1.464195100000000000e+07
-1.463181900000000000e+07
-1.462169200000000000e+07
-1.461157500000000000e+07
-1.460146000000000000e+07
-1.459137300000000000e+07
-1.458127100000000000e+07
-1.457118200000000000e+07
-1.456109800000000000e+07
-1.455102900000000000e+07
-1.454097400000000000e+07
-1.453091400000000000e+07
-1.452086200000000000e+07
-1.451081800000000000e+07
-1.450079000000000000e+07
-1.449076000000000000e+07
-1.448073400000000000e+07
-1.447072700000000000e+07
-1.446071400000000000e+07
-1.445072200000000000e+07
-1.444072800000000000e+07
-1.443074500000000000e+07
-1.442077200000000000e+07
-1.441080700000000000e+07
-1.440083100000000000e+07
-1.439086700000000000e+07
-1.438093400000000000e+07
-1.437098300000000000e+07
-1.436104400000000000e+07
-1.435111800000000000e+07
-1.434119600000000000e+07
-1.433127300000000000e+07
-1.432136800000000000e+07
-1.431147100000000000e+07
-1.430156200000000000e+07
-1.429169100000000000e+07
-1.428179600000000000e+07
-1.427192800000000000e+07
-1.426206400000000000e+07
-1.425219200000000000e+07
-1.424234000000000000e+07
-1.423248900000000000e+07
-1.422264300000000000e+07
