1.575483080704000000e+12
-6.071145267200000000e+10
-3.605788262400000000e+10
-2.386125619200000000e+10
-1.647568896000000000e+10
-1.189958553600000000e+10
-8.811397120000000000e+09
-6.704570368000000000e+09
-5.188384768000000000e+09
-4.090613248000000000e+09
-3.265528832000000000e+09
-2.642736384000000000e+09
-2.159452416000000000e+09
-1.783023360000000000e+09
-1.483542912000000000e+09
-1.244407808000000000e+09
-1.050260224000000000e+09
-8.920506880000000000e+08
-7.614093440000000000e+08
-6.531280640000000000e+08
-5.624160640000000000e+08
-4.861407360000000000e+08
-4.214435200000000000e+08
-3.663694720000000000e+08
-3.191503360000000000e+08
-2.785272000000000000e+08
-2.433708480000000000e+08
-2.128481920000000000e+08
-1.862172640000000000e+08
-1.629133760000000000e+08
-1.424363680000000000e+08
-1.243951920000000000e+08
-1.084447600000000000e+08
-9.430896800000000000e+07
-8.174470400000000000e+07
-7.055352800000000000e+07
-6.056090400000000000e+07
-5.162190400000000000e+07
-4.360900800000000000e+07
-3.641479600000000000e+07
-2.994465000000000000e+07
-2.411786400000000000e+07
-1.886320800000000000e+07
-1.411928800000000000e+07
-9.831790000000000000e+06
-5.953471500000000000e+06
-2.442421250000000000e+06
7.381015000000000000e+05
3.620782500000000000e+06
6.234473000000000000e+06
8.604920000000000000e+06
1.075498200000000000e+07
1.270512400000000000e+07
1.447360200000000000e+07
1.607681800000000000e+07
1.752947200000000000e+07
1.884480000000000000e+07
2.003472400000000000e+07
2.111000800000000000e+07
2.208036800000000000e+07
2.295462800000000000e+07
2.374076400000000000e+07
2.444602400000000000e+07
2.507700400000000000e+07
2.563970000000000000e+07
2.613959200000000000e+07
2.658166400000000000e+07
2.697048200000000000e+07
2.731022600000000000e+07
2.760470200000000000e+07
2.785743200000000000e+07
2.807162000000000000e+07
2.825022800000000000e+07
2.839596600000000000e+07
2.851133600000000000e+07
2.859864400000000000e+07
2.866000800000000000e+07
2.869739400000000000e+07
2.871260200000000000e+07
2.870731200000000000e+07
2.868306800000000000e+07
2.864130000000000000e+07
2.858333400000000000e+07
2.851039800000000000e+07
2.842363600000000000e+07
2.832409600000000000e+07
2.821276600000000000e+07
2.809055600000000000e+07
2.795831400000000000e+07
2.781683000000000000e+07
2.766683200000000000e+07
2.750900400000000000e+07
2.734398400000000000e+07
2.717236400000000000e+07
2.699469600000000000e+07
2.681149200000000000e+07
2.662323200000000000e+07
2.643036800000000000e+07
2.623331200000000000e+07
2.603246000000000000e+07
2.582817200000000000e+07
2.562078600000000000e+07
2.541063200000000000e+07
2.519798800000000000e+07
2.498314800000000000e+07
2.476636200000000000e+07
2.454787400000000000e+07
2.432791600000000000e+07
2.410669200000000000e+07
2.388439800000000000e+07
2.366123400000000000e+07
2.343735600000000000e+07
2.321293600000000000e+07
2.298812200000000000e+07
2.276305200000000000e+07
2.253786200000000000e+07
2.231268000000000000e+07
2.208761000000000000e+07
2.186276200000000000e+07
2.163824000000000000e+07
2.141414000000000000e+07
2.119054200000000000e+07
2.096753600000000000e+07
2.074518800000000000e+07
2.052357200000000000e+07
2.030275800000000000e+07
2.008280000000000000e+07
1.986376200000000000e+07
1.964568600000000000e+07
1.942863400000000000e+07
1.921264000000000000e+07
1.899774800000000000e+07
1.878400400000000000e+07
1.857143200000000000e+07
1.836007200000000000e+07
1.814995200000000000e+07
1.794110200000000000e+07
1.773354400000000000e+07
1.752730000000000000e+07
1.732239000000000000e+07
1.711884000000000000e+07
1.691665600000000000e+07
1.671586600000000000e+07
1.651647300000000000e+07
1.631848900000000000e+07
1.612193300000000000e+07
1.592681000000000000e+07
1.573312600000000000e+07
1.554089000000000000e+07
1.535010300000000000e+07
1.516077800000000000e+07
1.497291200000000000e+07
1.478650800000000000e+07
1.460157000000000000e+07
1.441809800000000000e+07
1.423609000000000000e+07
1.405554700000000000e+07
1.387647000000000000e+07
1.369885000000000000e+07
1.352269200000000000e+07
1.334798700000000000e+07
1.317473500000000000e+07
1.300293300000000000e+07
1.283257000000000000e+07
1.266364700000000000e+07
1.249615300000000000e+07
1.233008800000000000e+07
1.216544000000000000e+07
1.200220700000000000e+07
1.184037800000000000e+07
1.167994600000000000e+07
1.152091000000000000e+07
1.136325600000000000e+07
1.120697600000000000e+07
1.105206500000000000e+07
1.089851000000000000e+07
1.074630500000000000e+07
1.059544400000000000e+07
1.044591600000000000e+07
1.029771000000000000e+07
1.015081700000000000e+07
1.000523400000000000e+07
9.860942000000000000e+06
9.717937000000000000e+06
9.576210000000000000e+06
9.435752000000000000e+06
9.296548000000000000e+06
9.158597000000000000e+06
9.021880000000000000e+06
8.886390000000000000e+06
8.752119000000000000e+06
8.619062000000000000e+06
8.487198000000000000e+06
8.356523000000000000e+06
8.227031500000000000e+06
8.098706000000000000e+06
7.971541500000000000e+06
7.845524000000000000e+06
7.720648000000000000e+06
7.596899500000000000e+06
7.474273000000000000e+06
7.352756500000000000e+06
7.232341000000000000e+06
7.113013000000000000e+06
6.994768000000000000e+06
6.877597000000000000e+06
6.761481000000000000e+06
6.646423500000000000e+06
6.532404000000000000e+06
6.419420000000000000e+06
6.307459500000000000e+06
6.196513500000000000e+06
6.086570000000000000e+06
5.977625500000000000e+06
5.869665500000000000e+06
5.762684500000000000e+06
5.656669000000000000e+06
5.551616500000000000e+06
5.447511000000000000e+06
5.344348500000000000e+06
5.242115500000000000e+06
5.140810500000000000e+06
5.040417000000000000e+06
4.940930500000000000e+06
4.842343000000000000e+06
4.744642500000000000e+06
4.647826000000000000e+06
4.551879500000000000e+06
4.456796500000000000e+06
4.362572500000000000e+06
4.269190500000000000e+06
4.176653000000000000e+06
4.084944000000000000e+06
3.994058500000000000e+06
3.903990500000000000e+06
3.814730000000000000e+06
3.726267500000000000e+06
3.638599500000000000e+06
3.551713500000000000e+06
3.465607500000000000e+06
3.380269500000000000e+06
3.295691500000000000e+06
3.211868500000000000e+06
3.128795500000000000e+06
3.046461000000000000e+06
2.964860500000000000e+06
2.883986000000000000e+06
2.803829500000000000e+06
2.724383500000000000e+06
2.645646500000000000e+06
2.567604500000000000e+06
2.490255000000000000e+06
2.413589500000000000e+06
2.337603000000000000e+06
2.262288500000000000e+06
2.187638000000000000e+06
2.113647500000000000e+06
2.040306500000000000e+06
1.967613500000000000e+06
1.895561500000000000e+06
1.824141000000000000e+06
1.753348000000000000e+06
1.683176000000000000e+06
1.613620000000000000e+06
1.544674000000000000e+06
1.476330000000000000e+06
1.408585500000000000e+06
1.341431000000000000e+06
1.274864000000000000e+06
1.208875500000000000e+06
1.143465000000000000e+06
1.078621500000000000e+06
1.014343500000000000e+06
9.506225000000000000e+05
8.874550000000000000e+05
8.248355000000000000e+05
7.627605000000000000e+05
7.012195000000000000e+05
6.402115000000000000e+05
5.797315000000000000e+05
5.197720000000000000e+05
4.603310000000000000e+05
4.014005000000000000e+05
3.429800000000000000e+05
2.850600000000000000e+05
2.276390000000000000e+05
1.707070000000000000e+05
1.142675000000000000e+05
5.830900000000000000e+04
2.831000000000000000e+03
-5.217550000000000000e+04
-1.067120000000000000e+05
-1.607795000000000000e+05
-2.143895000000000000e+05
-2.675415000000000000e+05
-3.202415000000000000e+05
-3.724950000000000000e+05
-4.243005000000000000e+05
-4.756710000000000000e+05
-5.266045000000000000e+05
-5.771065000000000000e+05
-6.271825000000000000e+05
-6.768325000000000000e+05
-7.260665000000000000e+05
-7.748835000000000000e+05
-8.232880000000000000e+05
-8.712885000000000000e+05
-9.188835000000000000e+05
-9.660790000000000000e+05
-1.012877000000000000e+06
-1.059282500000000000e+06
-1.105301000000000000e+06
-1.150932500000000000e+06
-1.196184500000000000e+06
-1.241056000000000000e+06
-1.285555000000000000e+06
-1.329682500000000000e+06
-1.373441500000000000e+06
-1.416837000000000000e+06
-1.459870000000000000e+06
-1.502547500000000000e+06
-1.544870500000000000e+06
-1.586842000000000000e+06
-1.628466500000000000e+06
-1.669746500000000000e+06
-1.710684000000000000e+06
-1.751282500000000000e+06
-1.791547500000000000e+06
-1.831480000000000000e+06
-1.871082500000000000e+06
-1.910361500000000000e+06
-1.949316000000000000e+06
-1.987950000000000000e+06
-2.026267500000000000e+06
-2.064270750000000000e+06
-2.101963250000000000e+06
-2.139344500000000000e+06
-2.176423250000000000e+06
-2.213197500000000000e+06
-2.249672250000000000e+06
-2.285848000000000000e+06
-2.321729000000000000e+06
-2.357317500000000000e+06
-2.392617500000000000e+06
-2.427631500000000000e+06
-2.462359500000000000e+06
-2.496805500000000000e+06
-2.530973000000000000e+06
-2.564863500000000000e+06
-2.598481000000000000e+06
-2.631822750000000000e+06
-2.664897500000000000e+06
-2.697706500000000000e+06
-2.730249000000000000e+06
-2.762530000000000000e+06
-2.794549250000000000e+06
-2.826313000000000000e+06
-2.857821000000000000e+06
-2.889075500000000000e+06
-2.920078750000000000e+06
-2.950834000000000000e+06
-2.981341750000000000e+06
-3.011606250000000000e+06
-3.041626500000000000e+06
-3.071410000000000000e+06
-3.100953500000000000e+06
-3.130261500000000000e+06
-3.159336000000000000e+06
-3.188177250000000000e+06
-3.216792250000000000e+06
-3.245175000000000000e+06
-3.273335500000000000e+06
-3.301271500000000000e+06
-3.328986500000000000e+06
-3.356479000000000000e+06
-3.383756250000000000e+06
-3.410814500000000000e+06
-3.437661000000000000e+06
-3.464295000000000000e+06
-3.490716000000000000e+06
-3.516931500000000000e+06
-3.542938500000000000e+06
-3.568740500000000000e+06
-3.594339500000000000e+06
-3.619737000000000000e+06
-3.644933500000000000e+06
-3.669932750000000000e+06
-3.694735000000000000e+06
-3.719342500000000000e+06
-3.743756750000000000e+06
-3.767981000000000000e+06
-3.792014000000000000e+06
-3.815858250000000000e+06
-3.839517500000000000e+06
-3.862990250000000000e+06
-3.886282000000000000e+06
-3.909389250000000000e+06
-3.932315500000000000e+06
-3.955064500000000000e+06
-3.977635500000000000e+06
-4.000031750000000000e+06
-4.022252500000000000e+06
-4.044299500000000000e+06
-4.066176750000000000e+06
-4.087884750000000000e+06
-4.109421500000000000e+06
-4.130791750000000000e+06
-4.151997250000000000e+06
-4.173037000000000000e+06
-4.193913500000000000e+06
-4.214630000000000000e+06
-4.235184000000000000e+06
-4.255580000000000000e+06
-4.275819500000000000e+06
-4.295901500000000000e+06
-4.315827500000000000e+06
-4.335601000000000000e+06
-4.355221500000000000e+06
-4.374690500000000000e+06
-4.394011000000000000e+06
-4.413180000000000000e+06
-4.432203000000000000e+06
-4.451080000000000000e+06
-4.469811000000000000e+06
-4.488398000000000000e+06
-4.506843500000000000e+06
-4.525145000000000000e+06
-4.543307500000000000e+06
-4.561330000000000000e+06
-4.579214500000000000e+06
-4.596962500000000000e+06
-4.614575000000000000e+06
-4.632050000000000000e+06
-4.649394500000000000e+06
-4.666603000000000000e+06
-4.683683000000000000e+06
-4.700631000000000000e+06
-4.717449000000000000e+06
-4.734139000000000000e+06
-4.750701500000000000e+06
-4.767137000000000000e+06
-4.783448000000000000e+06
-4.799632500000000000e+06
-4.815696500000000000e+06
-4.831636000000000000e+06
-4.847456500000000000e+06
-4.863156000000000000e+06
-4.878734000000000000e+06
-4.894194500000000000e+06
-4.909536000000000000e+06
-4.924761500000000000e+06
-4.939873000000000000e+06
-4.954868000000000000e+06
-4.969749000000000000e+06
-4.984518000000000000e+06
-4.999173000000000000e+06
-5.013718500000000000e+06
-5.028152500000000000e+06
-5.042478000000000000e+06
-5.056694500000000000e+06
-5.070803500000000000e+06
-5.084805000000000000e+06
-5.098699000000000000e+06
-5.112491000000000000e+06
-5.126176000000000000e+06
-5.139757000000000000e+06
-5.153237500000000000e+06
-5.166614000000000000e+06
-5.179891000000000000e+06
-5.193066000000000000e+06
-5.206141500000000000e+06
-5.219118000000000000e+06
-5.231996000000000000e+06
-5.244776000000000000e+06
-5.257462000000000000e+06
-5.270050500000000000e+06
-5.282543500000000000e+06
-5.294942000000000000e+06
-5.307249000000000000e+06
-5.319460000000000000e+06
-5.331581000000000000e+06
-5.343609500000000000e+06
-5.355546000000000000e+06
-5.367394000000000000e+06
-5.379150500000000000e+06
-5.390819000000000000e+06
-5.402401000000000000e+06
-5.413895000000000000e+06
-5.425301000000000000e+06
-5.436622500000000000e+06
-5.447856500000000000e+06
-5.459006000000000000e+06
-5.470073000000000000e+06
-5.481054500000000000e+06
-5.491955000000000000e+06
-5.502771000000000000e+06
-5.513506000000000000e+06
-5.524160000000000000e+06
-5.534735000000000000e+06
-5.545230000000000000e+06
-5.555644500000000000e+06
-5.565979500000000000e+06
-5.576238000000000000e+06
-5.586417500000000000e+06
-5.596522500000000000e+06
-5.606550500000000000e+06
-5.616501000000000000e+06
-5.626377000000000000e+06
-5.636179000000000000e+06
-5.645906500000000000e+06
-5.655559500000000000e+06
-5.665141000000000000e+06
-5.674648500000000000e+06
-5.684086000000000000e+06
-5.693451000000000000e+06
-5.702745000000000000e+06
-5.711969000000000000e+06
-5.721123000000000000e+06
-5.730206500000000000e+06
-5.739222500000000000e+06
-5.748170000000000000e+06
-5.757049000000000000e+06
-5.765861500000000000e+06
-5.774607500000000000e+06
-5.783287500000000000e+06
-5.791899000000000000e+06
-5.800447000000000000e+06
-5.808931000000000000e+06
-5.817349000000000000e+06
-5.825703500000000000e+06
-5.833995000000000000e+06
-5.842222000000000000e+06
-5.850388000000000000e+06
-5.858491000000000000e+06
-5.866533000000000000e+06
-5.874513500000000000e+06
-5.882433000000000000e+06
-5.890290500000000000e+06
-5.898090000000000000e+06
-5.905829000000000000e+06
-5.913510000000000000e+06
-5.921133500000000000e+06
-5.928696000000000000e+06
-5.936201000000000000e+06
-5.943649000000000000e+06
-5.951040000000000000e+06
-5.958374000000000000e+06
-5.965654000000000000e+06
-5.972878000000000000e+06
-5.980044500000000000e+06
-5.987158500000000000e+06
-5.994215000000000000e+06
-6.001218000000000000e+06
-6.008169000000000000e+06
-6.015064000000000000e+06
-6.021907000000000000e+06
-6.028700000000000000e+06
-6.035436500000000000e+06
-6.042122000000000000e+06
-6.048758000000000000e+06
-6.055339500000000000e+06
-6.061871500000000000e+06
-6.068355500000000000e+06
-6.074785000000000000e+06
-6.081166500000000000e+06
-6.087499500000000000e+06
-6.093782000000000000e+06
-6.100017000000000000e+06
-6.106203000000000000e+06
-6.112340500000000000e+06
-6.118430000000000000e+06
-6.124473000000000000e+06
-6.130467000000000000e+06
-6.136416000000000000e+06
-6.142317000000000000e+06
-6.148174000000000000e+06
-6.153983500000000000e+06
-6.159747500000000000e+06
-6.165466500000000000e+06
-6.171141000000000000e+06
-6.176772000000000000e+06
-6.182356500000000000e+06
-6.187898000000000000e+06
-6.193395000000000000e+06
-6.198849500000000000e+06
-6.204260500000000000e+06
-6.209627500000000000e+06
-6.214954000000000000e+06
-6.220236500000000000e+06
-6.225479000000000000e+06
-6.230680000000000000e+06
-6.235837000000000000e+06
-6.240955500000000000e+06
-6.246030500000000000e+06
-6.251068000000000000e+06
-6.256063500000000000e+06
-6.261019500000000000e+06
-6.265935000000000000e+06
-6.270811000000000000e+06
-6.275649000000000000e+06
-6.280448000000000000e+06
-6.285207000000000000e+06
-6.289929500000000000e+06
-6.294612000000000000e+06
-6.299257000000000000e+06
-6.303865000000000000e+06
-6.308434500000000000e+06
-6.312968000000000000e+06
-6.317464000000000000e+06
-6.321923000000000000e+06
-6.326347000000000000e+06
-6.330733000000000000e+06
-6.335085000000000000e+06
-6.339399500000000000e+06
-6.343679000000000000e+06
-6.347925000000000000e+06
-6.352134000000000000e+06
-6.356308000000000000e+06
-6.360448500000000000e+06
-6.364556000000000000e+06
-6.368627000000000000e+06
-6.372664000000000000e+06
-6.376670000000000000e+06
-6.380640000000000000e+06
-6.384579000000000000e+06
-6.388482500000000000e+06
-6.392355500000000000e+06
-6.396194000000000000e+06
-6.400002000000000000e+06
-6.403776500000000000e+06
-6.407520500000000000e+06
-6.411231500000000000e+06
-6.414910500000000000e+06
-6.418560000000000000e+06
-6.422177000000000000e+06
-6.425764000000000000e+06
-6.429319500000000000e+06
-6.432845500000000000e+06
-6.436340000000000000e+06
-6.439805500000000000e+06
-6.443241000000000000e+06
-6.446646000000000000e+06
-6.450021000000000000e+06
-6.453368000000000000e+06
-6.456685000000000000e+06
-6.459973000000000000e+06
-6.463234000000000000e+06
-6.466464500000000000e+06
-6.469665500000000000e+06
-6.472841000000000000e+06
-6.475986500000000000e+06
-6.479105000000000000e+06
-6.482196000000000000e+06
-6.485258000000000000e+06
-6.488294000000000000e+06
-6.491301500000000000e+06
-6.494284000000000000e+06
-6.497238500000000000e+06
-6.500166000000000000e+06
-6.503068500000000000e+06
-6.505943500000000000e+06
-6.508792000000000000e+06
-6.511615000000000000e+06
-6.514413000000000000e+06
-6.517183000000000000e+06
-6.519930000000000000e+06
-6.522650000000000000e+06
-6.525345000000000000e+06
-6.528016500000000000e+06
-6.530662000000000000e+06
-6.533282000000000000e+06
-6.535878000000000000e+06
-6.538450500000000000e+06
-6.540998000000000000e+06
-6.543520500000000000e+06
-6.546021000000000000e+06
-6.548495000000000000e+06
-6.550947500000000000e+06
-6.553376000000000000e+06
-6.555780500000000000e+06
-6.558162000000000000e+06
-6.560520500000000000e+06
-6.562856000000000000e+06
-6.565170500000000000e+06
-6.567459000000000000e+06
-6.569726500000000000e+06
-6.571972000000000000e+06
-6.574194500000000000e+06
-6.576395500000000000e+06
-6.578574000000000000e+06
-6.580731000000000000e+06
-6.582867000000000000e+06
-6.584980000000000000e+06
-6.587071500000000000e+06
-6.589142000000000000e+06
-6.591191500000000000e+06
-6.593220500000000000e+06
-6.595228000000000000e+06
-6.597215500000000000e+06
-6.599181500000000000e+06
-6.601127000000000000e+06
-6.603051500000000000e+06
-6.604956000000000000e+06
-6.606841500000000000e+06
-6.608707000000000000e+06
-6.610550000000000000e+06
-6.612374500000000000e+06
-6.614180000000000000e+06
-6.615965500000000000e+06
-6.617731000000000000e+06
-6.619477500000000000e+06
-6.621205000000000000e+06
-6.622913500000000000e+06
-6.624602000000000000e+06
-6.626273000000000000e+06
-6.627923500000000000e+06
-6.629556000000000000e+06
-6.631171000000000000e+06
-6.632766500000000000e+06
-6.634344500000000000e+06
-6.635903000000000000e+06
-6.637445000000000000e+06
-6.638968000000000000e+06
-6.640472000000000000e+06
-6.641958500000000000e+06
-6.643429000000000000e+06
-6.644881000000000000e+06
-6.646315000000000000e+06
-6.647732500000000000e+06
-6.649132500000000000e+06
-6.650515500000000000e+06
-6.651880000000000000e+06
-6.653228000000000000e+06
-6.654559500000000000e+06
-6.655874000000000000e+06
-6.657173000000000000e+06
-6.658453000000000000e+06
-6.659717500000000000e+06
-6.660966500000000000e+06
-6.662198000000000000e+06
-6.663413500000000000e+06
-6.664614500000000000e+06
-6.665798000000000000e+06
-6.666966000000000000e+06
-6.668118000000000000e+06
-6.669254000000000000e+06
-6.670374000000000000e+06
-6.671479000000000000e+06
-6.672568000000000000e+06
-6.673642000000000000e+06
-6.674701000000000000e+06
-6.675745000000000000e+06
-6.676772500000000000e+06
-6.677786000000000000e+06
-6.678785000000000000e+06
-6.679769000000000000e+06
-6.680737000000000000e+06
-6.681691000000000000e+06
-6.682630000000000000e+06
-6.683555000000000000e+06
-6.684465000000000000e+06
-6.685361500000000000e+06
-6.686242500000000000e+06
-6.687111000000000000e+06
-6.687963000000000000e+06
-6.688805000000000000e+06
-6.689628500000000000e+06
-6.690439500000000000e+06
-6.691238000000000000e+06
-6.692021000000000000e+06
-6.692790500000000000e+06
-6.693547500000000000e+06
-6.694290500000000000e+06
-6.695019000000000000e+06
-6.695736000000000000e+06
-6.696440000000000000e+06
-6.697130000000000000e+06
-6.697806500000000000e+06
-6.698469500000000000e+06
-6.699120000000000000e+06
-6.699758500000000000e+06
-6.700383000000000000e+06
-6.700994500000000000e+06
-6.701594000000000000e+06
-6.702180000000000000e+06
-6.702755000000000000e+06
-6.703316500000000000e+06
-6.703865000000000000e+06
-6.704402500000000000e+06
-6.704927000000000000e+06
-6.705439500000000000e+06
-6.705940000000000000e+06
-6.706428500000000000e+06
-6.706904000000000000e+06
-6.707368000000000000e+06
-6.707820500000000000e+06
-6.708261000000000000e+06
-6.708690000000000000e+06
-6.709107000000000000e+06
-6.709511500000000000e+06
-6.709906500000000000e+06
-6.710289000000000000e+06
-6.710659000000000000e+06
-6.711018500000000000e+06
-6.711366500000000000e+06
-6.711703500000000000e+06
-6.712028500000000000e+06
-6.712343000000000000e+06
-6.712646500000000000e+06
-6.712937500000000000e+06
-6.713221500000000000e+06
-6.713492000000000000e+06
-6.713749500000000000e+06
-6.713999500000000000e+06
-6.714238500000000000e+06
-6.714466000000000000e+06
-6.714682000000000000e+06
-6.714890000000000000e+06
-6.715086500000000000e+06
-6.715270500000000000e+06
-6.715446000000000000e+06
-6.715610500000000000e+06
-6.715765000000000000e+06
-6.715910500000000000e+06
-6.716043000000000000e+06
-6.716168000000000000e+06
-6.716283000000000000e+06
-6.716386500000000000e+06
-6.716479500000000000e+06
-6.716564000000000000e+06
-6.716640000000000000e+06
-6.716703000000000000e+06
-6.716758500000000000e+06
-6.716804000000000000e+06
-6.716839000000000000e+06
-6.716865500000000000e+06
-6.716881500000000000e+06
-6.716888500000000000e+06
-6.716886000000000000e+06
-6.716875000000000000e+06
-6.716854000000000000e+06
-6.716823000000000000e+06
-6.716784000000000000e+06
-6.716735000000000000e+06
-6.716677500000000000e+06
-6.716609000000000000e+06
-6.716533000000000000e+06
-6.716448000000000000e+06
-6.716354000000000000e+06
-6.716250500000000000e+06
-6.716139000000000000e+06
-6.716019000000000000e+06
-6.715888500000000000e+06
-6.715750500000000000e+06
-6.715605000000000000e+06
-6.715448000000000000e+06
-6.715286500000000000e+06
-6.715113000000000000e+06
-6.714931500000000000e+06
-6.714742000000000000e+06
-6.714545000000000000e+06
-6.714338000000000000e+06
-6.714123000000000000e+06
-6.713899500000000000e+06
-6.713669000000000000e+06
-6.713430000000000000e+06
-6.713183000000000000e+06
-6.712927500000000000e+06
-6.712664000000000000e+06
-6.712392500000000000e+06
-6.712113500000000000e+06
-6.711824500000000000e+06
-6.711529500000000000e+06
-6.711227000000000000e+06
-6.710914000000000000e+06
-6.710596000000000000e+06
-6.710269500000000000e+06
-6.709934000000000000e+06
-6.709592000000000000e+06
-6.709243500000000000e+06
-6.708886000000000000e+06
-6.708521500000000000e+06
-6.708149000000000000e+06
-6.707768500000000000e+06
-6.707381500000000000e+06
-6.706988000000000000e+06
-6.706585000000000000e+06
-6.706175000000000000e+06
-6.705758500000000000e+06
-6.705336000000000000e+06
-6.704902500000000000e+06
-6.704466500000000000e+06
-6.704021000000000000e+06
-6.703568000000000000e+06
-6.703108500000000000e+06
-6.702642500000000000e+06
-6.702168000000000000e+06
-6.701689500000000000e+06
-6.701199500000000000e+06
-6.700706000000000000e+06
-6.700205000000000000e+06
-6.699697000000000000e+06
-6.699182000000000000e+06
-6.698660500000000000e+06
-6.698131000000000000e+06
-6.697597000000000000e+06
-6.697056000000000000e+06
-6.696508000000000000e+06
-6.695953000000000000e+06
-6.695391500000000000e+06
-6.694822500000000000e+06
-6.694247500000000000e+06
-6.693668500000000000e+06
-6.693080500000000000e+06
-6.692485500000000000e+06
-6.691885500000000000e+06
-6.691279500000000000e+06
-6.690667000000000000e+06
-6.690047500000000000e+06
-6.689422000000000000e+06
-6.688791000000000000e+06
-6.688152000000000000e+06
-6.687508000000000000e+06
-6.686859500000000000e+06
-6.686202000000000000e+06
-6.685541000000000000e+06
-6.684873500000000000e+06
-6.684198000000000000e+06
-6.683519000000000000e+06
-6.682832500000000000e+06
-6.682141000000000000e+06
-6.681442000000000000e+06
-6.680738500000000000e+06
-6.680030000000000000e+06
-6.679314500000000000e+06
-6.678592500000000000e+06
-6.677866000000000000e+06
-6.677133500000000000e+06
-6.676395000000000000e+06
-6.675651000000000000e+06
-6.674901000000000000e+06
-6.674146000000000000e+06
-6.673385500000000000e+06
-6.672619500000000000e+06
-6.671847500000000000e+06
-6.671069500000000000e+06
-6.670287000000000000e+06
-6.669499000000000000e+06
-6.668706000000000000e+06
-6.667906500000000000e+06
-6.667101000000000000e+06
-6.666289500000000000e+06
-6.665476000000000000e+06
-6.664656000000000000e+06
-6.663830500000000000e+06
-6.662999500000000000e+06
-6.662163000000000000e+06
-6.661321500000000000e+06
-6.660474500000000000e+06
-6.659622500000000000e+06
-6.658767500000000000e+06
-6.657904500000000000e+06
-6.657037500000000000e+06
-6.656165000000000000e+06
-6.655288000000000000e+06
-6.654406500000000000e+06
-6.653519000000000000e+06
-6.652626500000000000e+06
-6.651729000000000000e+06
-6.650827000000000000e+06
-6.649921500000000000e+06
-6.649010000000000000e+06
-6.648093500000000000e+06
-6.647172500000000000e+06
-6.646246500000000000e+06
-6.645316000000000000e+06
-6.644380000000000000e+06
-6.643440000000000000e+06
-6.642495000000000000e+06
-6.641544500000000000e+06
-6.640591500000000000e+06
-6.639631000000000000e+06
-6.638669000000000000e+06
-6.637700500000000000e+06
-6.636727500000000000e+06
-6.635751000000000000e+06
-6.634768500000000000e+06
-6.633782500000000000e+06
-6.632792500000000000e+06
-6.631797000000000000e+06
-6.630797000000000000e+06
-6.629792500000000000e+06
-6.628784000000000000e+06
-6.627772000000000000e+06
-6.626754500000000000e+06
-6.625734000000000000e+06
-6.624708000000000000e+06
-6.623677000000000000e+06
-6.622642500000000000e+06
-6.621603000000000000e+06
