2.412042187500000000e+04 2.356795507812500000e+04 2.312122070312500000e+04 2.567197070312500000e+04
2.593717773437500000e+04 2.579120507812500000e+04 2.572768554687500000e+04 2.629266992187500000e+04
2.690544335937500000e+04 2.652667382812500000e+04 2.620947460937500000e+04 2.798035742187500000e+04
2.720125585937500000e+04 2.564194726562500000e+04 2.794956445312500000e+04 2.801229882812500000e+04
2.607256250000000000e+04 2.715457031250000000e+04 2.539640429687500000e+04 2.566674023437500000e+04
2.569669531250000000e+04 2.538045507812500000e+04 2.559390625000000000e+04 2.611575390625000000e+04
2.612923632812500000e+04 2.717834570312500000e+04 2.546384765625000000e+04 2.574548242187500000e+04
2.610782031250000000e+04 2.705965234375000000e+04 2.607855078125000000e+04 2.518513671875000000e+04
2.687170507812500000e+04 2.661904492187500000e+04 2.618792773437500000e+04 2.780796289062500000e+04
2.877619335937500000e+04 2.740347656250000000e+04 3.053814062500000000e+04 2.838690820312500000e+04
2.509056250000000000e+04 2.428985742187500000e+04 2.388300585937500000e+04 2.709855664062500000e+04
2.471175195312500000e+04 2.530725195312500000e+04 2.448901757812500000e+04 2.433900390625000000e+04
2.481159179687500000e+04 2.465763281250000000e+04 2.592675000000000000e+04 2.385043164062500000e+04
2.480647851562500000e+04 2.397420117187500000e+04 2.601195117187500000e+04 2.443420117187500000e+04
2.492239648437500000e+04 2.391288867187500000e+04 2.530022265625000000e+04 2.555345703125000000e+04
2.557801562500000000e+04 2.652136914062500000e+04 2.480795117187500000e+04 2.540475195312500000e+04
2.646738085937500000e+04 2.486971875000000000e+04 2.726118359375000000e+04 2.727130468750000000e+04
2.615392187500000000e+04 2.667121289062500000e+04 2.474764843750000000e+04 2.704298242187500000e+04
2.700284960937500000e+04 2.556668164062500000e+04 2.856503320312500000e+04 2.687733398437500000e+04
2.738278906250000000e+04 2.813899023437500000e+04 2.876120117187500000e+04 2.524811914062500000e+04
2.627015039062500000e+04 2.481232031250000000e+04 2.815203515625000000e+04 2.584606835937500000e+04
2.743717187500000000e+04 2.753873242187500000e+04 2.919429687500000000e+04 2.557844531250000000e+04
2.699891406250000000e+04 2.760744335937500000e+04 2.777972851562500000e+04 2.560967773437500000e+04
2.761726367187500000e+04 2.803621875000000000e+04 2.877678710937500000e+04 2.603889062500000000e+04
2.763247070312500000e+04 2.873073046875000000e+04 2.846966796875000000e+04 2.569673242187500000e+04
2.776764062500000000e+04 2.759244531250000000e+04 2.928092968750000000e+04 2.642949804687500000e+04
2.665116210937500000e+04 2.923830273437500000e+04 2.645923632812500000e+04 2.425590039062500000e+04
2.772748632812500000e+04 2.716753125000000000e+04 2.924480078125000000e+04 2.677013281250000000e+04
2.644621289062500000e+04 2.545683398437500000e+04 2.752878710937500000e+04 2.635305078125000000e+04
2.590683007812500000e+04 2.587372460937500000e+04 2.576933789062500000e+04 2.607745312500000000e+04
2.672905273437500000e+04 2.739396289062500000e+04 2.586068164062500000e+04 2.693233007812500000e+04
2.696434375000000000e+04 2.521347265625000000e+04 2.739316992187500000e+04 2.828627343750000000e+04
2.584551367187500000e+04 2.587050390625000000e+04 2.528133984375000000e+04 2.638470898437500000e+04
2.665690039062500000e+04 2.656285937500000000e+04 2.634152734375000000e+04 2.706631250000000000e+04
2.534040625000000000e+04 2.496660937500000000e+04 2.493417773437500000e+04 2.612035742187500000e+04
2.541759570312500000e+04 2.681348242187500000e+04 2.538156640625000000e+04 2.405766210937500000e+04
2.607415429687500000e+04 2.520120703125000000e+04 2.602567187500000000e+04 2.699555664062500000e+04
2.707716406250000000e+04 2.841053515625000000e+04 2.646900000000000000e+04 2.635198437500000000e+04
2.600838085937500000e+04 2.502340820312500000e+04 2.618340820312500000e+04 2.681827539062500000e+04
2.703345898437500000e+04 2.684730859375000000e+04 2.701797851562500000e+04 2.723521093750000000e+04
2.565681054687500000e+04 2.665582617187500000e+04 2.321019921875000000e+04 2.710438085937500000e+04
2.588022460937500000e+04 2.774309570312500000e+04 2.610601171875000000e+04 2.379198046875000000e+04
2.652510156250000000e+04 2.449053125000000000e+04 2.993518164062500000e+04 2.514964453125000000e+04
2.509438476562500000e+04 2.491820898437500000e+04 2.400844335937500000e+04 2.635654492187500000e+04
