2.698961523437500000e+04 2.663820507812500000e+04 2.787038281250000000e+04 2.646024609375000000e+04
2.565399218750000000e+04 2.565107031250000000e+04 2.574348828125000000e+04 2.556749609375000000e+04
2.769802929687500000e+04 2.676154492187500000e+04 2.895722265625000000e+04 2.737537695312500000e+04
2.722868945312500000e+04 2.738836523437500000e+04 2.712308789062500000e+04 2.717461914062500000e+04
2.651003906250000000e+04 2.708996289062500000e+04 2.537696875000000000e+04 2.706327148437500000e+04
2.693242968750000000e+04 2.713201367187500000e+04 2.540925976562500000e+04 2.825600781250000000e+04
2.601117968750000000e+04 2.576945312500000000e+04 2.633432812500000000e+04 2.592987109375000000e+04
2.648202539062500000e+04 2.656755468750000000e+04 2.716417968750000000e+04 2.571428320312500000e+04
2.549363281250000000e+04 2.420518750000000000e+04 2.713032031250000000e+04 2.514557421875000000e+04
2.674659179687500000e+04 2.579216406250000000e+04 2.781141796875000000e+04 2.663623046875000000e+04
2.864623632812500000e+04 2.771573242187500000e+04 2.861006445312500000e+04 2.961283593750000000e+04
2.722259375000000000e+04 2.649945507812500000e+04 2.836048632812500000e+04 2.680780078125000000e+04
2.628310742187500000e+04 2.531909375000000000e+04 2.602396875000000000e+04 2.750629296875000000e+04
2.579412304687500000e+04 2.515896484375000000e+04 2.365519726562500000e+04 2.856823437500000000e+04
2.619627343750000000e+04 2.627202539062500000e+04 2.503291796875000000e+04 2.728403320312500000e+04
2.596892382812500000e+04 2.470152539062500000e+04 2.714216992187500000e+04 2.606319531250000000e+04
2.623972070312500000e+04 2.610660937500000000e+04 2.750558789062500000e+04 2.510694335937500000e+04
2.783108007812500000e+04 2.846042578125000000e+04 2.824950976562500000e+04 2.678324414062500000e+04
2.787234375000000000e+04 2.866464843750000000e+04 2.680809765625000000e+04 2.814446679687500000e+04
2.634660351562500000e+04 2.650627734375000000e+04 2.673180078125000000e+04 2.580182226562500000e+04
2.722580664062500000e+04 2.805478320312500000e+04 2.662525976562500000e+04 2.699734179687500000e+04
2.467276367187500000e+04 2.334947656250000000e+04 2.630284570312500000e+04 2.436596484375000000e+04
2.755119531250000000e+04 2.771991015625000000e+04 2.778370117187500000e+04 2.715005664062500000e+04
2.651370117187500000e+04 2.687055078125000000e+04 2.726970117187500000e+04 2.540086718750000000e+04
2.746434375000000000e+04 2.735162890625000000e+04 2.783762304687500000e+04 2.720378515625000000e+04
2.755481445312500000e+04 2.765059570312500000e+04 2.785686328125000000e+04 2.715699609375000000e+04
2.606158789062500000e+04 2.686041210937500000e+04 2.635416601562500000e+04 2.497020117187500000e+04
2.543749414062500000e+04 2.571993945312500000e+04 2.468206250000000000e+04 2.591027343750000000e+04
2.405636914062500000e+04 2.415277734375000000e+04 2.310277343750000000e+04 2.491352343750000000e+04
2.408641210937500000e+04 2.463723437500000000e+04 2.428434179687500000e+04 2.333750390625000000e+04
2.460561523437500000e+04 2.460679882812500000e+04 2.468803320312500000e+04 2.452205859375000000e+04
2.499965625000000000e+04 2.543627929687500000e+04 2.542984179687500000e+04 2.413269726562500000e+04
2.562198242187500000e+04 2.547856835937500000e+04 2.622669726562500000e+04 2.516070312500000000e+04
2.742220312500000000e+04 2.753880664062500000e+04 2.716899218750000000e+04 2.755886132812500000e+04
2.679625585937500000e+04 2.679021679687500000e+04 2.698181054687500000e+04 2.661662304687500000e+04
2.583979882812500000e+04 2.596257031250000000e+04 2.607474414062500000e+04 2.548201171875000000e+04
2.619643945312500000e+04 2.656728320312500000e+04 2.563919335937500000e+04 2.638290625000000000e+04
2.617043945312500000e+04 2.607644335937500000e+04 2.618718359375000000e+04 2.624777539062500000e+04
2.579793164062500000e+04 2.713729687500000000e+04 2.489560742187500000e+04 2.536095507812500000e+04
2.678267187500000000e+04 2.661650195312500000e+04 2.604681835937500000e+04 2.768478125000000000e+04
2.714643750000000000e+04 2.763930859375000000e+04 2.688510156250000000e+04 2.691474804687500000e+04
2.456575976562500000e+04 2.409280859375000000e+04 2.567752734375000000e+04 2.392694335937500000e+04
2.594807031250000000e+04 2.588853320312500000e+04 2.556005078125000000e+04 2.639562500000000000e+04
2.451427539062500000e+04 2.379955273437500000e+04 2.538291796875000000e+04 2.436031445312500000e+04
