2.547059375000000000e+04 2.433437109375000000e+04 2.514843750000000000e+04 2.692898046875000000e+04
2.420422851562500000e+04 2.436903515625000000e+04 2.538347070312500000e+04 2.286022460937500000e+04
2.650919335937500000e+04 2.563572070312500000e+04 2.675275781250000000e+04 2.713911328125000000e+04
2.620831054687500000e+04 2.549317382812500000e+04 2.549290820312500000e+04 2.763884179687500000e+04
2.489793750000000000e+04 2.463164257812500000e+04 2.640512695312500000e+04 2.365705273437500000e+04
2.562854492187500000e+04 2.554385546875000000e+04 2.470798242187500000e+04 2.663386328125000000e+04
2.833908398437500000e+04 2.838586718750000000e+04 2.953259179687500000e+04 2.709868359375000000e+04
2.629287695312500000e+04 2.668702148437500000e+04 2.623078125000000000e+04 2.596077539062500000e+04
2.571749804687500000e+04 2.580849414062500000e+04 2.662898242187500000e+04 2.471479492187500000e+04
2.614281250000000000e+04 2.596505664062500000e+04 2.552539453125000000e+04 2.693777734375000000e+04
2.603914648437500000e+04 2.644058984375000000e+04 2.593732812500000000e+04 2.573954101562500000e+04
2.548762304687500000e+04 2.514269531250000000e+04 2.515535742187500000e+04 2.616486914062500000e+04
2.649159179687500000e+04 2.709544531250000000e+04 2.630498437500000000e+04 2.607438085937500000e+04
2.545761718750000000e+04 2.545112109375000000e+04 2.605705468750000000e+04 2.486429101562500000e+04
2.468919726562500000e+04 2.514274023437500000e+04 2.476757421875000000e+04 2.415747851562500000e+04
2.696493945312500000e+04 2.598795703125000000e+04 2.771545312500000000e+04 2.719147070312500000e+04
2.666102929687500000e+04 2.707986914062500000e+04 2.859026562500000000e+04 2.431285742187500000e+04
2.796416601562500000e+04 2.743517382812500000e+04 2.963103906250000000e+04 2.682629296875000000e+04
2.612284960937500000e+04 2.614792773437500000e+04 2.568739257812500000e+04 2.653329296875000000e+04
2.575856054687500000e+04 2.621782812500000000e+04 2.462837500000000000e+04 2.642953515625000000e+04
2.569791601562500000e+04 2.518361914062500000e+04 2.585015820312500000e+04 2.606022265625000000e+04
2.812895898437500000e+04 2.707849609375000000e+04 2.836750781250000000e+04 2.894098632812500000e+04
2.753864257812500000e+04 2.623437890625000000e+04 2.840764257812500000e+04 2.797390625000000000e+04
2.516477929687500000e+04 2.512679101562500000e+04 2.424749609375000000e+04 2.612002929687500000e+04
2.662067968750000000e+04 2.694424804687500000e+04 2.674549414062500000e+04 2.617232031250000000e+04
2.691325195312500000e+04 2.721681250000000000e+04 2.690393750000000000e+04 2.661892773437500000e+04
2.524882812500000000e+04 2.721714648437500000e+04 2.464793750000000000e+04 2.388131054687500000e+04
2.711116406250000000e+04 2.550976562500000000e+04 2.760860156250000000e+04 2.821523046875000000e+04
2.547607031250000000e+04 2.564781250000000000e+04 2.435860156250000000e+04 2.642182421875000000e+04
2.497037304687500000e+04 2.570202343750000000e+04 2.468928906250000000e+04 2.451988281250000000e+04
2.752684960937500000e+04 2.851438476562500000e+04 2.755702539062500000e+04 2.650912890625000000e+04
2.590576367187500000e+04 2.705380273437500000e+04 2.458882031250000000e+04 2.607472070312500000e+04
2.710356835937500000e+04 2.501370703125000000e+04 2.856090625000000000e+04 2.773601953125000000e+04
2.470558398437500000e+04 2.519991601562500000e+04 2.422453515625000000e+04 2.469234570312500000e+04
2.622124023437500000e+04 2.607397265625000000e+04 2.723081835937500000e+04 2.535892773437500000e+04
2.557246875000000000e+04 2.552675781250000000e+04 2.549802929687500000e+04 2.569273632812500000e+04
2.538118750000000000e+04 2.423990625000000000e+04 2.528472070312500000e+04 2.661889843750000000e+04
2.703075781250000000e+04 2.655097656250000000e+04 2.764829492187500000e+04 2.689300585937500000e+04
2.742838476562500000e+04 2.688296289062500000e+04 2.866762304687500000e+04 2.673532421875000000e+04
2.670781250000000000e+04 2.777322656250000000e+04 2.624564062500000000e+04 2.610463671875000000e+04
2.851809375000000000e+04 2.923761718750000000e+04 2.817316992187500000e+04 2.814346875000000000e+04
2.780397070312500000e+04 2.774126562500000000e+04 2.769566796875000000e+04 2.797505078125000000e+04
2.695009960937500000e+04 2.776714257812500000e+04 2.605431835937500000e+04 2.702887304687500000e+04
2.640041210937500000e+04 2.596224804687500000e+04 2.643944921875000000e+04 2.679950585937500000e+04
