# Frequency - Magnitude - Phase - Real part - Imaginary part
-99800.00252116012 0.0004422619621720705 -0.21093963093982412 0.43245905224868153 -0.09260027706471519
-99600.00251610769 0.0004422624015016353 -0.2077997663917409 0.43274810222544124 -0.09124205062509638
-99400.00251105527 0.0004422687755657677 -0.20465417905687247 0.4330392116780166 -0.08988164990544689
-99200.00250600284 0.0004422806223795247 -0.2015131280715405 0.4333310049261455 -0.08852338166900653
-99000.00250095042 0.00044229442836777553 -0.19837466035785528 0.43362023332410415 -0.08716567338767489
-98800.00249589799 0.00044231267579600443 -0.1952292232304314 0.4339101627346237 -0.08580485910153168
-98600.00249084557 0.0004423378145573091 -0.19208597673716213 0.4342024010116851 -0.0844453500379041
-98400.00248579314 0.00044236621743837945 -0.18894611414806717 0.4344933044167249 -0.08308693488012919
-98200.00248074072 0.000442399043641281 -0.1858039328079196 0.4347844944631375 -0.08172733440626839
-98000.00247568829 0.00044243376616056565 -0.18266487917638946 0.4350730432651212 -0.08036842951711876
-97800.00247063587 0.0004424748875106323 -0.17952175141468946 0.4353639624919076 -0.07900788720685753
-97600.00246558344 0.00044252015935398385 -0.17637808530337198 0.4356547547111465 -0.07764680374777866
-97400.00246053102 0.0004425704093384442 -0.17323546214162527 0.43594611552853674 -0.07628598545983253
-97200.00245547859 0.00044262419795407774 -0.17009455147243382 0.43623658460758663 -0.07492544871002466
-97000.00245042617 0.00044268131704495225 -0.16695211030657034 0.4365262040297146 -0.07356372513719983
-96800.00244537374 0.0004427461328029353 -0.1638074751086109 0.4368193244883025 -0.07220121789511234
-96600.00244032132 0.0004428141505146919 -0.16066401809944378 0.4371112690949594 -0.07083862171331515
-96400.00243526889 0.00044288559525863883 -0.15752370339016103 0.4374021291642664 -0.0694768154866447
-96200.00243021647 0.0004429616805013399 -0.15438380436539723 0.43769330314713906 -0.06811477646383193
-96000.00242516404 0.00044304045358782443 -0.1512408791142729 0.43798309456715145 -0.06675067332010126
-95800.00242011162 0.00044312687515215177 -0.14809792664777927 0.4382762007388787 -0.06538653797231364
-95600.00241505919 0.0004432158954023155 -0.14495781723285364 0.438567447127925 -0.06402284168147308
-95400.00241000677 0.00044330966697398827 -0.14181726215808133 0.43885918142301367 -0.06265843688850499
-95200.00240495434 0.0004434079308869851 -0.13867151324207622 0.43915143802119516 -0.06129117112108197
-95000.00239990192 0.00044351094049946654 -0.13553440033333528 0.43944361902080703 -0.05992712277939885
-94800.00239484949 0.00044361609088180363 -0.1323893317704984 0.43973415049860926 -0.05855862852320855
-94600.00238979707 0.00044372783159460843 -0.12924732561063923 0.4400267799010649 -0.05719109634858359
-94400.00238474464 0.0004438445838929328 -0.1261047047962895 0.44032016187733664 -0.055822662919344304
-94200.00237969222 0.0004439653990307182 -0.12296292890931783 0.4406132736732433 -0.054453820797556535
-94000.0023746398 0.00044408987726006987 -0.11981906278423315 0.44090587718341856 -0.05308320402899701
-93800.00236958737 0.00044421924994738753 -0.11667719075895641 0.4411989744483103 -0.051712735081203914
-93600.00236453494 0.0004443516693061048 -0.11353749822968799 0.4414907284564349 -0.05034225563210715
-93400.00235948252 0.0004444911426997391 -0.11039420393291673 0.44178541207607697 -0.04896963973004785
-93200.0023544301 0.0004446323182989141 -0.10725652322406994 0.44207725256006786 -0.047598332374242935
-93000.00234937767 0.0004447794414815641 -0.10411275537370526 0.4423710323709027 -0.04622360093884796
-92800.00234432524 0.0004449316833883449 -0.10096605023598346 0.4426657606286928 -0.04484670834974701
-92600.00233927282 0.0004450867924848565 -0.09782694152295288 0.44295872555987265 -0.04347206338363914
-92400.0023342204 0.00044524794371342925 -0.09468361004224274 0.4432536135167259 -0.04209472039819365
-92200.00232916797 0.00044541342697989873 -0.09154195718250474 0.44354846322839603 -0.04071709348302979
-92000.00232411554 0.00044558402534463677 -0.08840002788571277 0.44384413617826657 -0.03933835815712487
-91800.00231906312 0.0004457572331475761 -0.0852585264677575 0.4441381059879303 -0.037958578909602594
-91600.0023140107 0.0004459351953341835 -0.08211607510082097 0.44443255836931017 -0.03657730852654534
-91400.00230895827 0.00044611973498822325 -0.078973726111803 0.444729267087574 -0.035195126675604524
-91200.00230390584 0.0004463064183782149 -0.07583136080784182 0.44502381401719987 -0.033811596282561335
-91000.00229885342 0.0004465005804448656 -0.07268843973799856 0.44532153241450434 -0.032426857781774926
-90800.002293801 0.00044669544885947145 -0.06955071904808703 0.445615483797685 -0.031042948176998153
-90600.00228874857 0.00044689747229194674 -0.06640298413491491 0.4459125691779065 -0.029653522389255352
-90400.00228369614 0.0004471045905196075 -0.06326262159112313 0.4462101969760219 -0.028266145445136975
-90200.00227864372 0.0004473149260588925 -0.06012230359284553 0.4465067168493707 -0.026877404701130286
-90000.0022735913 0.00044752903344812806 -0.056978718131597196 0.4468027618375527 -0.025485835151136144
-89800.00226853887 0.00044775072524629316 -0.05383300604658137 0.447102092782556 -0.024092127096629654
-89600.00226348644 0.0004479763321367393 -0.050698452867214874 0.4474007312406553 -0.02270197876866724
-89400.00225843402 0.0004482036074509451 -0.04755468260460874 0.4476969084117543 -0.02130614771839709
-89200.0022533816 0.0004484373616903889 -0.04441329240586246 0.44799515394863554 -0.019910032606075517
-89000.00224832917 0.0004486752260301426 -0.04126796517300823 0.4482932232099244 -0.018510658477118275
-88800.00224327674 0.0004489204094817016 -0.03812807969955122 0.44859413988454233 -0.01711232627278722
-88600.00223822432 0.00044916707320662755 -0.03498460897241944 0.44889222831521447 -0.01571072917496913
-88400.0022331719 0.00044942016355355234 -0.031843058145584 0.44919233119815727 -0.01430849402511386
-88200.00222811947 0.0004496772007989383 -0.02870105853782648 0.44949200254433785 -0.012904439819288793
-88000.00222306704 0.00044993954515472453 -0.025555131371156326 0.44979263332432984 -0.011497012707888832
-87800.00221801462 0.0004502086505844034 -0.022413632446408358 0.4500955694517108 -0.010089966351262802
-87600.0022129622 0.00045048058361926545 -0.01927623386325273 0.4503968929565638 -0.008683031327110236
-87400.00220790977 0.00045075480271855454 -0.016133803557365434 0.45069613833979183 -0.007272073943675128
-87200.00220285734 0.00045103599376463283 -0.01299233225133774 0.4509979267049822 -0.005859844627412514
-87000.00219780492 0.00045132231445755465 -0.009849955308364548 0.4513004206236202 -0.004445432742413491
-86800.0021927525 0.0004516119372292552 -0.006707120605406343 0.45160177928042744 -0.003028993019607795
-86600.00218770007 0.00045190852213220384 -0.0035625026402774157 0.451905654453665 -0.0016099218978876118
-86400.00218264764 0.0004522087981507797 -0.0004191586813444949 0.45220875842559394 -0.00018954723797487416
-86200.00217759522 0.0004525151776753378 0.0027236943554416965 0.452513499181977 0.001232511511284673
-86000.0021725428 0.00045282648383529787 0.005862621472406975 0.4528187019596259 0.0026547350599928077
-85800.00216749037 0.00045314109630086805 0.009005077139664534 0.45312272349883864 0.004080515377692551
-85600.00216243794 0.0004534615138133033 0.012147266225013937 0.4534280587237157 0.0055081822677951475
-85400.00215738552 0.0004537857683641797 0.015288057861142958 0.4537327389227745 0.00693723284215321
-85200.0021523331 0.000454117008804411 0.018431361860282963 0.4540398757855179 0.008369521021956233
-85000.00214728067 0.0004544498937533906 0.02157339081708252 0.45434414482165114 0.00980326469858156
-84800.00214222824 0.0004547926832885789 0.02471686868785562 0.4546537685698363 0.011239906497446495
-84600.00213717582 0.00045513698919560116 0.027856158114571625 0.4549604153030687 0.012676728335657153
-84400.0021321234 0.00045548610292236525 0.030997718475994685 0.45526729158540613 0.0141167690316258
-84200.00212707097 0.00045584058206201507 0.0341396778452086 0.4555749627508209 0.015559227783692384
-84000.00212201854 0.00045620213538017664 0.03728415157917484 0.45588508700070496 0.017005169090388197
-83800.00211696612 0.0004565654788513461 0.04042402236469127 0.4561924924608397 0.018451186984193554
-83600.0021119137 0.000456938498130173 0.04356814758260944 0.4565048901705119 0.01990166635905194
-83400.00210686127 0.00045731146100809803 0.04670736159552606 0.45681272146190655 0.02135204627027054
-83200.00210180884 0.00045769227821199776 0.04985280505649929 0.4571236441890072 0.022807793804984405
-83000.00209675642 0.000458078410518931 0.052993612272573216 0.45743534498002947 0.024263869158724763
-82800.002091704 0.0004584697027181831 0.05613701441160044 0.45774748986421737 0.02572360459786739
-82600.00208665157 0.0004588652623567853 0.059276724688088804 0.45805933404305615 0.0271841036967075
-82400.00208159914 0.0004592676706726657 0.062421303381869776 0.45837321149591637 0.02864947308443999
-82200.00207654672 0.0004596729677183638 0.06556184522105082 0.4586854026108553 0.030115422672204434
-82000.0020714943 0.00046008427263885456 0.0687062203806066 0.4589987755593711 0.031585787383282354
-81800.00206644187 0.0004605043555267014 0.07184933298769058 0.4593162298294036 0.03305847053880502
-81600.00206138944 0.0004609252432216284 0.07498822924796121 0.45962990502080364 0.03453158336196488
-81400.00205633702 0.00046135320580409264 0.07813048556885169 0.45994578599929237 0.03600908839732839
-81200.0020512846 0.00046178594653582946 0.08127045193210411 0.46026176388492895 0.037488253140494976
-81000.00204623217 0.0004622256974834509 0.0844162567315397 0.4605797409815261 0.03897303698010954
-80800.00204117974 0.000462669215771455 0.08755445033500248 0.46089698771094706 0.04045701350258431
-80600.00203612732 0.00046311793549627043 0.0906969287836566 0.461214452331225 0.04194581193797439
-80400.0020310749 0.0004635736875093532 0.09384209922944368 0.46153399136533046 0.04343890612580567
-80200.00202602247 0.0004640341276542981 0.09697947227359487 0.4618537126902638 0.04493127754810264
-80000.00202097005 0.00046449749603350753 0.10012036407644709 0.4621713583989352 0.04642800121781432
-79800.0020159176 0.0004649686508799591 0.10326770684608336 0.46249158955630576 0.04793094919580526
-79600.00201086518 0.0004654457717793606 0.1064097180367082 0.4628131295351584 0.04943453850454507
-79400.00200581276 0.00046592877043703817 0.10955358795380957 0.4631355299143385 0.050942124532994376
-79200.00200076033 0.0004664184420705889 0.11269659408222264 0.46345969661142344 0.052452575917705135
-79000.0019957079 0.000466911521788204 0.11583497267151917 0.46378257384451854 0.05396381543896091
-78800.00199065548 0.000467410304113504 0.11897587087214942 0.4641060479020828 0.05547944387057138
-78600.00198560306 0.00046791409255195367 0.12212005997563646 0.46442935279805486 0.05699977428287015
-78400.00198055063 0.0004684259281583038 0.12526330567870547 0.4647557197945764 0.05852325255138813
-78200.0019754982 0.0004689430616205082 0.12840532606146238 0.4650824208315837 0.06004945358160613
-78000.00197044578 0.00046946514085745983 0.1315416259349106 0.4654093696111453 0.06157627106662854
-77800.00196539336 0.0004699916003206622 0.1346899890120565 0.46573489018609027 0.06311193575962909
-77600.00196034093 0.0004705274056569656 0.13782818307316919 0.4660652638172199 0.06464680454020842
-77400.0019552885 0.00047106665799467754 0.14097259010934127 0.46639358707638356 0.06618774968450224
-77200.00195023608 0.00047161233784763165 0.14411157998431556 0.4667235502683322 0.06772979281698886
-77000.00194518366 0.00047216341784397876 0.14725382454177133 0.46705353896437096 0.06927687125559635
-76800.00194013123 0.00047271935158396666 0.15039767917526103 0.46738309289695856 0.07082817120354626
-76600.0019350788 0.0004732842722459533 0.1535417809705563 0.4677163668661776 0.07238371723588666
-76400.00193002638 0.0004738544464800314 0.15668341264624214 0.46804984585788867 0.07394172192547047
-76200.00192497396 0.0004744308332257764 0.15982603792348204 0.4683842045531721 0.07550398956609303
-76000.00191992153 0.0004750119603273539 0.1629689302673436 0.46871801786464834 0.07706998237362458
-75800.0019148691 0.00047560073314123534 0.1661096281941943 0.46905432166129235 0.07863905324548005
-75600.00190981668 0.0004761945176300081 0.16924943986335447 0.4693903983670044 0.08021142401018094
-75400.00190476426 0.00047679334175879524 0.17239461091462577 0.469725746155798 0.08179006140050343
-75200.00189971183 0.0004773999776387477 0.1755375324640714 0.4700636804591425 0.08337190751495349
-75000.0018946594 0.0004780131141748998 0.17867981596084323 0.47040275693572675 0.08495753992703252
-74800.00188960698 0.000478632883977546 0.18182066141577613 0.4707431522182035 0.08654664790927669
-74600.00188455456 0.0004792569623105362 0.18496346939520272 0.4710822617601515 0.08814044802508575
-74400.00187950213 0.0004798904613828455 0.1881058508927487 0.4714252897149525 0.08973879397124429
-74200.0018744497 0.00048052792826817377 0.19124840884609687 0.47176679739572136 0.09134100240684635
-74000.00186939728 0.0004811726298660199 0.19438868708715146 0.47211019482666283 0.0929465635347117
-73800.00186434486 0.0004818249610482672 0.19753072001036828 0.47245546977712416 0.09455750719451708
-73600.00185929243 0.0004824804053583607 0.20067447667718186 0.47279816087543614 0.09617297243806727
-73400.00185424 0.000483146130357444 0.2038164263184261 0.4731456023566527 0.09779275152040973
-73200.00184918758 0.00048381774681983177 0.20695772678067606 0.47349335655898106 0.09941656518070036
-73000.00184413516 0.00048449490309304287 0.21010070807959288 0.47384081955801777 0.10104547908601873
-72800.00183908273 0.00048517992258298995 0.21324014453837775 0.4741907631505306 0.10267754097344531
-72600.0018340303 0.0004858689571872933 0.2163843672811898 0.4745385450585635 0.10431592789200285
-72400.00182897788 0.0004865679182745165 0.21952476729246212 0.4748907986359509 0.10595786174185143
-72200.00182392546 0.0004872724606917799 0.22266765003336877 0.47524258917930967 0.10760544771882168
-72000.00181887303 0.00048798285609282324 0.22580956585125125 0.4755945174811146 0.10925714064725842
-71800.0018138206 0.000488699482955552 0.22895379134240204 0.47594656409831115 0.11091461925299133
-71600.00180876818 0.0004894276487687956 0.23209631631347605 0.47630430364173104 0.11257723442915624
-71400.00180371576 0.0004901594076238456 0.235239072805205 0.4766597544085914 0.11424413949652104
-71200.00179866333 0.0004908997905288655 0.23838106706676288 0.4770178937539538 0.11591606178535249
-71000.0017936109 0.0004916464443063971 0.24152473515714654 0.47737611734415314 0.11759365964432167
-70800.00178855848 0.0004924007326103861 0.24466268401506933 0.47773658967678756 0.11927377062555576
-70600.00178350606 0.0004931599447996963 0.24780247387261672 0.4780957619985161 0.12095938787005268
-70400.00177845363 0.0004939275191332659 0.25094875180520576 0.4784563562279264 0.12265361528401172
-70200.0017734012 0.0004947030279319764 0.25408653942691983 0.4788197502707625 0.12434923640984037
-70000.00176834878 0.0004954833124402915 0.25723322623104133 0.47918070351297876 0.1260538229789574
-69800.00176329636 0.0004962757151372416 0.26037741040001244 0.47954769225613403 0.12776383011946996
-69600.00175824393 0.0004970731708553041 0.26351574579323717 0.4799142932861997 0.129475898466679
-69400.00175319151 0.0004978790371565705 0.2666583983031488 0.4802824107471044 0.131195813831476
-69200.00174813908 0.0004986900245638891 0.26979925440498187 0.48064962473586426 0.13291982109830408
-69000.00174308666 0.000499509600903598 0.27294599443948264 0.48101821799840466 0.13465257275117676
-68800.00173803423 0.0005003396292082557 0.2760896032540566 0.4813911409989775 0.13639029996285448
-68600.00173298181 0.0005011744888302215 0.2792266446718545 0.4817634355577557 0.1381298679280554
-68400.00172792938 0.00050201734749299 0.2823711531082502 0.48213618323335505 0.13987894052025912
-68200.00172287696 0.0005028682300611168 0.2855115988749049 0.4825109610947989 0.14163202049033163
-68000.00171782453 0.0005037267326531188 0.288653328210839 0.4828865957520179 0.14339162050975546
-67800.00171277211 0.0005045934477801227 0.2917985176495035 0.48326329165396253 0.14515901102724754
-67600.00170771968 0.0005054693290809725 0.29494008848297326 0.4836429406754132 0.1469311014605389
-67400.00170266726 0.0005063536049375544 0.29808047180095976 0.4840244176601161 0.14870889799215936
-67200.00169761483 0.0005072419663791244 0.3012216781207891 0.48440326786453347 0.15049214776300368
-67000.00169256241 0.0005081416905533189 0.30436540584854094 0.4847861390676863 0.15228386994764337
-66800.00168750998 0.0005090493469069192 0.3075068300366252 0.4851704388149591 0.15408076741261736
-66600.00168245756 0.000509965005807175 0.31065006393977246 0.4855555619429689 0.15588490438191768
-66400.00167740513 0.0005108877893340015 0.31379111316327696 0.48594124950802636 0.15769411947552503
-66200.00167235271 0.0005118210522806309 0.31693553170461813 0.4863297734023869 0.1595121972139916
-66000.00166730028 0.0005127620845114038 0.3200776834639957 0.48671940002711966 0.16133561587486106
-65800.00166224786 0.0005137114617233936 0.3232160516729996 0.4871108907231287 0.16316386255818371
-65600.00165719543 0.0005146683824278566 0.32636001312449364 0.48750191345963934 0.16500129770428063
-65400.00165214301 0.0005156353795615548 0.32950206560786627 0.4878960412958674 0.16684513041563406
-65200.00164709058 0.0005166132373285018 0.3326474297748131 0.4882930927405047 0.16869822928812195
-65000.00164203816 0.0005175955671710714 0.3357850191171481 0.48868885296741726 0.17055314755387296
-64800.00163698573 0.00051858903969737 0.3389290287729162 0.48908717296089993 0.17241905155566542
-64600.00163193331 0.0005195908006016829 0.34206994881062447 0.48948692811107775 0.17429041074677193
-64400.00162688088 0.0005206024238670826 0.3452137709607171 0.4898885126746305 0.17617073788152193
-64200.00162182846 0.0005216218189524042 0.3483574613299684 0.49029043138579975 0.17805789760283322
-64000.00161677603 0.0005226518218114895 0.35149970747597015 0.49069553588986947 0.1799522656168095
-63800.00161172361 0.0005236906673482316 0.35463993394145293 0.4911022263978041 0.18185301288336175
-63600.00160667118 0.0005247390062757376 0.35778238152787506 0.4915102925992376 0.18376250155094326
-63400.00160161876 0.0005257955389451319 0.3609265748108202 0.49191853949057585 0.18568009931077833
-63200.00159656633 0.0005268627752772257 0.3640674442340492 0.49233020274135253 0.18760425219455734
-63000.00159151391 0.0005279395782043154 0.36720966419648954 0.4927432947944872 0.18953691901480196
-62800.00158646148 0.0005290244720992806 0.37035012136711415 0.49315697219090815 0.19147608952404038
-62600.00158140905 0.0005301193724838629 0.3734947659141112 0.4935718262274116 0.1934254415458896
-62400.001576356626 0.0005312262995598168 0.37663953188664195 0.49399044685301297 0.19538377558532538
-62200.0015713042 0.000532342257395007 0.37977854231848984 0.4944111446322914 0.19734715369571276
-62000.001566251776 0.0005334675624200772 0.3829242533781769 0.49483170824704725 0.19932190212750855
-61800.00156119935 0.0005346028354078362 0.38606552759176366 0.49525485745370934 0.20130280125871114
-61600.001556146926 0.0005357486398641303 0.38920759400059746 0.49568001678355184 0.2032927103408365
-61400.0015510945 0.0005369057081049146 0.3923493454647357 0.4961080227957739 0.20529142484114543
-61200.00154604208 0.0005380722667679233 0.39549082618416964 0.4965371659609194 0.20729835282575104
-61000.00154098965 0.000539247744804073 0.3986307591002374 0.49696712911369473 0.20931269158073273
-60800.00153593723 0.0005404340483154787 0.40177319138656675 0.4973987625085064 0.2113372462053569
-60600.0015308848 0.0005416323484347908 0.4049172962401939 0.4978332382092577 0.21337213455620477
-60400.00152583238 0.0005428409178347339 0.408061023491424 0.4982693316484534 0.21541572647850007
-60200.00152077995 0.0005440594081266042 0.411204362576334 0.49870666354577975 0.21746793627132088
-60000.00151572753 0.0005452903984689358 0.414347363285279 0.4991475226012369 0.2195298825751484
-59800.0015106751 0.000546531061364106 0.41748771232429344 0.49958976497737273 0.2215993406254396
-59600.00150562268 0.0005477826383186847 0.4206285691805159 0.5000337701566373 0.223678446763022
-59400.00150057025 0.0005490469713990688 0.4237728819565706 0.5004804797271282 0.22576949797214296
-59200.00149551783 0.000550322211971378 0.42691391400236683 0.5009296478526493 0.22786843768124404
-59000.0014904654 0.0005516067563989099 0.43005550781400814 0.501378884130939 0.22997658196551382
-58800.00148541298 0.0005529054985573793 0.43319912060383087 0.5018322246839658 0.23209676560375825
-58600.00148036055 0.0005542131143892873 0.43634189992922445 0.5022854157692778 0.23422539842330717
-58400.00147530813 0.0005555369734854968 0.43948434986825635 0.5027449496882739 0.23636591224700848
-58200.0014702557 0.0005568681631348772 0.4426233041570265 0.5032034368103335 0.23851300236146641
-58000.00146520328 0.000558212048627629 0.44576612056374476 0.5036639121577559 0.24067271308355448
-57800.00146015085 0.0005595686325604334 0.4489113670307042 0.504126620854864 0.24284440428185566
-57600.00145509843 0.0005609381329516403 0.45205242085760294 0.504593285319148 0.24502490773409344
-57400.001450046 0.0005623182859948226 0.45519367969530994 0.5050607305879575 0.24721551970318054
-57200.00144499358 0.0005637119343165828 0.45833930565269854 0.505530393359106 0.24941965897084162
-57000.00143994115 0.0005651192431632711 0.4614779045185427 0.5060051743240446 0.25163172008060036
-56800.00143488873 0.0005665354807132882 0.4646213603747541 0.506477786463855 0.2538556730225077
-56600.0014298363 0.0005679689690002179 0.46776313934503705 0.5069572313843754 0.25609200552586425
-56400.00142478388 0.0005694115452479188 0.4709034793442963 0.5074360814478704 0.2583372429721525
-56200.00141973145 0.0005708691582709014 0.47404811214937553 0.5079180766890535 0.2605970514749163
-56000.00141467903 0.0005723377243455033 0.477192431225206 0.508400676411058 0.26286731050811163
-55800.0014096266 0.0005738221134249061 0.48033609194112076 0.5088882151006737 0.2651501506450189
-55600.00140457418 0.0005753211874812785 0.4834784579759178 0.5093797602527945 0.2674448141386817
-55400.00139952175 0.0005768312546626163 0.48661848805030267 0.5098722431191653 0.26974912799169326
-55200.00139446933 0.0005783559079082449 0.4897597880063937 0.5103677899208852 0.2720666742246125
-55000.0013894169 0.000579892518778046 0.4929049300340253 0.5108632745328223 0.27439760944357483
-54800.00138436448 0.0005814455848780356 0.4960443457063317 0.5113651886332089 0.27673924916477544
-54600.00137931205 0.0005830107443855326 0.4991904577653244 0.5118661703333145 0.27909595435491186
-54400.00137425963 0.0005845924727527667 0.5023307814173599 0.5123735222146646 0.28146355524744754
-54200.0013692072 0.0005861867449844661 0.505471001898885 0.5128820427088141 0.28384310853412953
-54000.00136415478 0.0005877959000756888 0.5086144486967408 0.5133927328531503 0.2862375272380667
-53800.00135910235 0.0005894186962515255 0.5117566155356581 0.5139056865042246 0.28864397597987307
-53600.00135404993 0.0005910577246475562 0.5148994281961524 0.5144225117315777 0.2910647922530673
-53400.0013489975 0.0005927124289265283 0.5180419715112583 0.5149428806391732 0.29349932382037136
-53200.00134394508 0.0005943803688989398 0.5211858947874207 0.5154640843441175 0.29594729375975065
-53000.00133889265 0.0005960637688891494 0.5243296345397578 0.5159884090182593 0.2984090788517381
-52800.00133384023 0.0005977655435621036 0.527471641141168 0.516518733977205 0.30088543088804165
-52600.0013287878 0.0005994808804900758 0.5306169324747869 0.5170492778473637 0.30337661470633553
-52400.00132373538 0.0006012131762483229 0.5337555801108288 0.5175858779731333 0.3058792935413866
-52200.00131868295 0.0006029605632381894 0.5368999172747715 0.5181230601631319 0.30839898726764037
-52000.00131363053 0.0006047240096468025 0.5400430413199603 0.518663650429694 0.3109327026323385
-51800.0013085781 0.0006065047393844795 0.5431821978450374 0.5192094562841547 0.31347972725672063
-51600.00130352568 0.000608302088711874 0.5463247454235407 0.5197574959395457 0.3160436307630352
-51400.00129847325 0.0006101123822625297 0.54946821237864 0.5203052795187726 0.31862130357989416
-51200.00129342082 0.000611943104124097 0.552612639859309 0.520859057283841 0.32121675723788745
-51000.001288368396 0.000613791944812278 0.5557527507002874 0.5214184315238599 0.3238261428353746
-50800.00128331597 0.0006156559193128909 0.5588955367618345 0.521978496368571 0.32645162017335205
-50600.001278263546 0.0006175367611507103 0.5620357621135124 0.5225423084586094 0.32909145726265354
-50400.00127321112 0.0006194357310387812 0.5651800948759617 0.5231086191564351 0.3317499019620005
-50200.001268158696 0.000621353425655027 0.568322080072084 0.5236799285985683 0.33442400026947183
-50000.00126310627 0.0006232895540449001 0.5714642390220037 0.524255028575908 0.3371150147862956
-49800.001258053846 0.0006252436278789004 0.5746065768337975 0.5248333744223288 0.3398227821904243
-49600.00125300142 0.0006272136260947132 0.5777488553916931 0.5254132233600011 0.3425461683880471
-49400.001247948996 0.0006292054732498867 0.5808938935629384 0.5259984351902811 0.34528998500534236
-49200.00124289657 0.0006312164215177415 0.5840343444570608 0.5265891003207681 0.3480489767504382
-49000.001237844146 0.0006332450235499189 0.5871789855109747 0.5271808345018565 0.35082706221821525
-48800.00123279172 0.0006352938076162162 0.5903196695523543 0.5277784528879879 0.3536214454224629
-48600.001227739296 0.0006373613552108334 0.5934653766824332 0.5283774667755791 0.35643617902790403
-48400.00122268687 0.0006394493106899332 0.5966053878587303 0.5289829063723518 0.35926662203395754
-48200.001217634446 0.0006415567827494089 0.5997481393835337 0.5295908815557757 0.3621168370357122
-48000.00121258202 0.0006436855661922767 0.6028912996956343 0.5302035542326367 0.3649867109955529
-47800.001207529596 0.0006458341591304409 0.6060344173865911 0.5308196981006814 0.36787526310969176
-47600.00120247717 0.0006480057836097863 0.6091778193008249 0.5314416876273388 0.37078461165957166
-47400.001197424746 0.0006501958433305162 0.612316763344742 0.5320673659035902 0.3737097173270937
-47200.00119237232 0.0006524066171361943 0.6154620694590138 0.5326944162946854 0.37665773977386585
-47000.0011873199 0.0006546419017003308 0.6186037912683072 0.5333294969940605 0.37962569341113883
-46800.00118226747 0.000656896431875591 0.6217440501316075 0.5339673724776487 0.3826117710423962
-46600.00117721505 0.000659173111702841 0.6248887345646417 0.5346079925479602 0.38562090904908963
-46400.00117216262 0.0006614744556062219 0.6280317006930992 0.5352555748429505 0.38865141839325656
-46200.0011671102 0.0006637964157538901 0.6311722782534234 0.5359069499959569 0.3917006797463368
-46000.00116205777 0.0006661422819616488 0.6343157383087488 0.5365625510516672 0.39477356627058985
-45800.00115700535 0.0006685101178346178 0.6374590784260176 0.5372218127245193 0.39786744222194914
-45600.00115195292 0.0006709032857287349 0.6406021876507784 0.5378873091421443 0.40098436561222156
-45400.0011469005 0.0006733198037998214 0.6437466592652263 0.5385566264043633 0.4041241372956843
-45200.00114184807 0.0006757603140100223 0.6468880694748163 0.5392318888738374 0.40728487820256387
-45000.00113679565 0.0006782248619888678 0.6500305678961253 0.5399112774818969 0.4104689706514791
-44800.00113174322 0.0006807157607656892 0.6531758432688557 0.5405957377799617 0.41367885521132197
-44600.0011266908 0.0006832313209477573 0.656315037642216 0.541287400851784 0.416908848074897
-44400.00112163837 0.0006857698839496401 0.6594579197969404 0.5419807227618045 0.42016333715222565
-44200.00111658595 0.000688336785967131 0.6626015177869433 0.5426809538324706 0.4234441087830126
-44000.00111153352 0.0006909286557353605 0.6657442005024181 0.5433859206951016 0.4267483432968534
-43800.0011064811 0.0006935482828608906 0.6688889681744634 0.544096338193179 0.4300795222096301
-43600.00110142867 0.0006961944920897062 0.6720280706371113 0.5448144151900727 0.43343283657003095
-43400.00109637625 0.0006988660632368206 0.6751711866128254 0.5455348249487175 0.43681292232751534
-43200.00109132382 0.0007015653174930629 0.678315743171144 0.5462602692211582 0.4402199597696246
-43000.0010862714 0.0007042951907815982 0.6814579546670119 0.5469944806564997 0.4436538672089019
-42800.00108121897 0.0007070504589234154 0.684600198756029 0.5477321426672547 0.44711279488843814
-42600.00107616655 0.0007098362647871517 0.687742926626185 0.5484768248304753 0.45060037220452376
-42400.00107111412 0.0007126509953012201 0.6908852261533351 0.549227460782904 0.45411522483372363
-42200.0010660617 0.0007154933289582167 0.6940289717428385 0.5499819576691131 0.45765767777036226
-42000.00106100927 0.0007183669036001862 0.6971719580777896 0.5507438893627984 0.4612289849062577
-41800.00105595685 0.0007212713784190104 0.7003150038369751 0.5515123829749323 0.4648295308516564
-41600.00105090442 0.0007242066728975041 0.7034561248199648 0.5522880670284064 0.46845831840975893
-41400.001045852 0.0007271715717993685 0.7066013909977974 0.553066933064625 0.4721180597940029
-41200.00104079957 0.0007301693630764988 0.7097435409986781 0.5538546511802098 0.4758070240565897
-41000.00103574715 0.0007331994429430384 0.7128852954320564 0.5546492400935396 0.4795264785135862
-40800.00103069472 0.0007362621387107857 0.7160291251921586 0.5554495051924639 0.4832781642909467
-40600.0010256423 0.0007393562737323068 0.7191726529092934 0.5562554405950593 0.4870601444541714
-40400.00102058987 0.0007424850810326144 0.722315437186318 0.557069443062669 0.49087445560128284
-40200.00101553745 0.0007456474555386326 0.7254580334397425 0.5578901493023762 0.49472083972944736
-40000.00101048502 0.0007488455692793363 0.7286003433327572 0.5587189665819734 0.4986008453772065
-39800.00100543259 0.0007520771404481956 0.7317429916325197 0.5595536072911216 0.5025134682296867
-39600.001000380165 0.0007553438198490335 0.7348867497106063 0.5603946353370863 0.506460402074578
-39400.00099532774 0.0007586483150123079 0.7380295563123211 0.5612448148360394 0.5104424783368581
-39200.000990275315 0.0007619888499663035 0.7411750820192522 0.5621006624561133 0.5144607397453845
-39000.00098522289 0.0007653665012142605 0.7443161112981759 0.5629663920709511 0.5185120274203625
-38800.000980170465 0.0007687821777273561 0.747461328124962 0.5638378925735477 0.522602016537859
-38600.00097511804 0.0007722347407112744 0.7506009701848962 0.5647191201499979 0.5267246055562825
-38400.000970065616 0.0007757278661514158 0.7537461590148608 0.5656066246749057 0.5308887533633475
-38200.00096501319 0.0007792590891443686 0.7568878185119842 0.5665030807444628 0.5350878315950978
-38000.000959960766 0.0007828305817218227 0.760031038909266 0.5674070561117455 0.5393263875924577
-37800.00095490834 0.0007864435931998917 0.763175404455064 0.5683193384083189 0.5436052380876104
-37600.000949855916 0.0007900957274252784 0.7663171143551522 0.5692399381261799 0.547920752789838
-37400.00094480349 0.0007937941312436611 0.7694623620884248 0.5701702862121283 0.5522816016468939
-37200.000939751066 0.0007975326432425048 0.7726027946844916 0.5711102090911613 0.5566789434757045
-37000.00093469864 0.00080131309617053 0.7757450928385746 0.5720570045622031 0.5611180460702727
-36800.000929646216 0.0008051382730058216 0.7788900486894613 0.5730118412333102 0.5656015103102259
-36600.00092459379 0.0008090079530964652 0.7820341697073314 0.5739761586678219 0.5701273870410575
-36400.000919541366 0.0008129262673292389 0.7851775953327161 0.5749524504363976 0.5746988740645235
-36200.00091448894 0.0008168901427833068 0.788319092349502 0.5759388857514558 0.5793133049187658
-36000.000909436516 0.0008208963645245962 0.7914608713527866 0.5769315718918271 0.5839698644999793
-35800.00090438409 0.000824953779014908 0.7946055401712854 0.5779348183410151 0.5886765523274353
-35600.000899331666 0.0008290593671871814 0.7977488288467713 0.578948599626465 0.593428979163779
-35400.00089427924 0.0008332139296309429 0.8008909708320445 0.5799729616098164 0.5982280638122692
-35200.000889226816 0.0008374189484142496 0.8040362643735891 0.5810059586435884 0.6030775830553416
-35000.00088417439 0.0008416749909230509 0.8071779816309487 0.5820516172249277 0.6079742636256603
-34800.000879121966 0.0008459820435042832 0.8103219635818756 0.5831059850568578 0.6129217145138148
-34600.00087406954 0.0008503431432909422 0.8134659586965245 0.5841720889876468 0.6179210562763894
-34400.000869017116 0.0008547568587314738 0.8166088225120356 0.5852492218587515 0.6229708146151169
-34200.00086396469 0.0008592259915130924 0.8197521738946828 0.5863378644524512 0.6280742099473561
-34000.000858912266 0.0008637498528821592 0.8228946923480098 0.5874379244981829 0.6332302055455179
-33800.00085385984 0.0008683304998345951 0.8260395817829598 0.5885483141552389 0.6384424318981501
-33600.000848807416 0.0008729712734261846 0.8291796175588674 0.5896754378931596 0.6437093460350292
-33400.00084375499 0.0008776643008973302 0.8323236238110637 0.5908078555387914 0.6490305870321165
-33200.00083870257 0.0008824212479665985 0.8354690269712124 0.5919545758768269 0.6544135076245103
-33000.00083365014 0.0008872383384442285 0.8386132355269447 0.5931142407462359 0.6598540494907124
-32800.00082859772 0.0008921176572770195 0.8417551765914459 0.594288475824494 0.6653533812401027
-32600.00082354529 0.0008970583456085904 0.8449003843464544 0.5954725227285318 0.6709144133951361
-32400.000818492867 0.0009020655613416977 0.848044574264074 0.5966721281071401 0.6765387265329375
-32200.00081344044 0.0009071371203006626 0.8511859030155341 0.5978865796874826 0.6822238583170354
-32000.000808388017 0.0009122735049223441 0.854331562009658 0.5991107621366418 0.6879747397073167
-31800.00080333559 0.0009174766793647545 0.8574731583573538 0.6003511691853822 0.6937881022588389
-31600.000798283167 0.000922752914890933 0.8606202335293109 0.6016047295648279 0.6996747039195741
-31400.00079323074 0.0009280970262272502 0.8637604817424004 0.6028760586000304 0.7056235172234255
-31200.000788178313 0.0009335125135243631 0.8669046514468384 0.604159327750287 0.7116439556399643
-31000.000783125888 0.000938999333687058 0.8700488329757451 0.6054566498404252 0.7177339296903467
-30800.000778073463 0.0009445614965037442 0.8731920559810871 0.6067707063845378 0.7238962153175009
-30600.00077302104 0.0009502006164378177 0.8763376050464494 0.6080995226515681 0.7301343588886526
-30400.000767968613 0.000955917042828932 0.8794809501567422 0.6094459719592193 0.7364461962923651
-30200.00076291619 0.0009617110171544595 0.882624530452443 0.6108077911796469 0.7428337113718695
-30000.000757863763 0.0009675857514613975 0.8857688010549232 0.6121860165458921 0.7492999850372281
-29800.00075281134 0.0009735432997650843 0.8889122341126896 0.6135824076081517 0.7558460065325957
-29600.000747758913 0.0009795835812632257 0.8920551533248527 0.6149959895784411 0.7624722457131937
-29400.00074270649 0.0009857078854894551 0.8951985492337851 0.6164261217614034 0.7691806497346956
-29200.000737654063 0.0009919196209504104 0.8983437518300103 0.6178731782279304 0.7759750447359258
-29000.00073260164 0.0009982203209953325 0.9014893081707237 0.6193384753746782 0.7828560928859107
-28800.000727549213 0.0010046121731550678 0.9046336499500814 0.6208238468289327 0.7898248981007587
-28600.00072249679 0.0010110994995519275 0.9077750734927879 0.6223325677654401 0.7968841654171779
-28400.000717444364 0.0010176752482577544 0.9109196899954302 0.623854661266975 0.804032507136341
-28200.00071239194 0.0010243506663643416 0.9140626265699802 0.625400125630651 0.8112761370472057
-28000.000707339514 0.0010311221743063387 0.9172082903666102 0.62696237375513 0.8186153677042498
-27800.00070228709 0.001037995716024051 0.920351440426749 0.6285484580240468 0.8260520216063122
-27600.000697234664 0.0010449714110188095 0.9234967445978028 0.630153752690933 0.8335895259755703
-27400.00069218224 0.0010520536128826123 0.9266415595330002 0.6317821798400983 0.8412301002792585
-27200.000687129814 0.001059242991815097 0.9297848913564404 0.6334340923203324 0.8489740669747894
-27000.00068207739 0.0010665390300475851 0.9329287100542873 0.6351066177806717 0.8568226693231451
-26800.000677024964 0.0010739489610656619 0.9360722022887965 0.636803827448174 0.8647816234873232
-26600.00067197254 0.0010814712694048024 0.9392179181166133 0.6385216408769877 0.8728517747474618
-26400.000666920114 0.0010891126560449832 0.9423624114594537 0.6402660196616776 0.8810367765445153
-26200.00066186769 0.001096874497230734 0.9455077620078277 0.6420349358878693 0.8893395323354489
-26000.000656815264 0.0011047581899475485 0.9486511698954059 0.6438306678444429 0.8977598394889148
-25800.00065176284 0.0011127626324861342 0.9517961247887489 0.6456484212244822 0.9062995048149396
-25600.00064671041 0.0011209012769793677 0.9549413859710387 0.6474960254239324 0.914969163302342
-25400.000641657985 0.0011291688621147546 0.9580873085414885 0.6493689747384981 0.9237652590439853
-25200.00063660556 0.0011375715458485493 0.9612316813950125 0.6512717321818813 0.9326918852359927
-25000.000631553135 0.001146110403353512 0.9643755493434073 0.6532028101995428 0.941751105878071
-24800.00062650071 0.0011547912907118566 0.9675187485231822 0.6551645310745018 0.9509481386100314
-24600.000621448286 0.001163615584157615 0.9706644344682989 0.6571534416846893 0.9602867185254804
-24400.00061639586 0.001172585453260362 0.9738081517140126 0.6591737785715641 0.9697662475264313
-24200.000611343436 0.0011817070539520173 0.9769538416529665 0.6612239280008404 0.979394955265288
-24000.00060629101 0.0011909845745126204 0.9800991053596653 0.6633072315380817 0.9891752995886488
-23800.000601238586 0.0012004211386471761 0.9832433053894334 0.6654247263992334 0.9991100257766851
-23600.00059618616 0.001210017889479377 0.9863880965549646 0.6675740330166743 1.0092017654076801
-23400.000591133736 0.0012197845071562695 0.9895341632378449 0.669758365606022 1.01945964883325
-23200.00058608131 0.0012297210902915267 0.9926784663551098 0.6719794021256279 1.029882344263977
-23000.000581028886 0.0012398335025115904 0.9958244835009417 0.6742352971630262 1.0404777162484757
-22800.00057597646 0.0012501272268060596 0.9989698828991667 0.6765298920541718 1.0512494415499014
-22600.000570924036 0.001260605714307951 1.0021152165086766 0.6788629085295483 1.062201449052232
-22400.00056587161 0.0012712702429915153 1.0052608916698345 0.6812329938093713 1.0733357530899768
-22200.000560819186 0.0012821348600740266 1.0084054401313438 0.6836476014850339 1.0846638909822728
-22000.00055576676 0.0012931943279200781 1.011550018798785 0.6861009888647144 1.096182923988293
-21800.000550714336 0.001304462925059757 1.0146986953725547 0.688594488424719 1.1079084589290564
-21600.00054566191 0.001315943495743174 1.017843332962741 0.691136742719288 1.119838062780569
-21400.000540609486 0.001327639501753287 1.0209883566664542 0.6937228513024898 1.1319784680798746
-21200.00053555706 0.001339558749521667 1.024135109617356 0.6963534430059302 1.1443380295322876
-21000.000530504636 0.001351706939685626 1.0272809444776043 0.6990325168628628 1.1569205638947957
-20800.00052545221 0.0013640925997621086 1.0304249313508176 0.7017635835719503 1.1697335138816884
-20600.000520399786 0.0013767176652778243 1.0335714858409422 0.7045404098519205 1.1827824570789474
-20400.00051534736 0.00138959577145532 1.0367189851757002 0.7073696816058481 1.196078819138332
-20200.000510294936 0.0014027311129728372 1.039864271599737 0.710255091825184 1.2096248508684064
-20000.00050524251 0.0014161301403625294 1.0430108227374733 0.7131934728234093 1.2234294604779148
-19800.000500190083 0.0014298013567967732 1.0461569580080372 0.7161887996880327 1.237499706302716
-19600.000495137658 0.0014437536321604946 1.0493038625642312 0.7192416380556191 1.2518450449091896
-19400.000490085233 0.001457995638975016 1.0524510739539497 0.7223543703610968 1.2664736266067242
-19200.000485032808 0.0014725371659959465 1.0555983186664974 0.7255296115500636 1.2813947432401103
-19000.000479980383 0.0014873895523196856 1.058744658577735 0.7287714998129428 1.2966185951968099
-18800.000474927958 0.0015025542790608197 1.0618904994656204 0.732077533495512 1.3121477990207915
-18600.000469875533 0.0015180468915365756 1.0650373277438658 0.735450541900723 1.327998066761316
-18400.000464823108 0.0015338786860090595 1.0681848963999687 0.7388933637099173 1.3441802038634263
-18200.000459770683 0.0015500609412694396 1.0713326675433557 0.7424091070056877 1.360704831873584
-18000.000454718258 0.0015666025646759168 1.0744794615447903 0.7460005367887543 1.3775800502185165
-17800.000449665833 0.0015835168571412797 1.0776271393890318 0.749668231035628 1.3948201246850822
-17600.000444613408 0.0016008173566017334 1.0807748467379261 0.7534164296638022 1.4124375712611195
-17400.000439560983 0.001618516664205016 1.0839231424716054 0.7572468132279694 1.430445195093268
-17200.000434508558 0.001636627908451702 1.0870703898281955 0.7611642983402683 1.4488546585683326
-17000.000429456133 0.001655164477758462 1.0902177454705253 0.7651697882004205 1.4676800208692513
-16800.000424403708 0.0016741405807645605 1.09336545658723 0.7692656699210426 1.4869354435360098
-16600.000419351283 0.0016935778427855958 1.0965139124311147 0.7734573154700763 1.5066418588105586
-16400.00041429886 0.0017134880469506124 1.0996626068855946 0.7777467119273584 1.5268108393408812
-16200.000409246433 0.0017338881526274147 1.1028116102430927 0.7821371864561953 1.5474590616181403
-16000.000404194008 0.0017547989095797695 1.1059597140960253 0.7866355632637744 1.568605655883923
-15800.000399141583 0.0017762351597441482 1.1091090829936279 0.7912405301440502 1.5902671996141662
-15600.000394089157 0.0017982217535003515 1.1122584222908938 0.7959604148484127 1.6124665865549654
-15400.000389036732 0.0018207777977329884 1.1154074574267534 0.800799172372699 1.6352224540546745
-15200.000383984307 0.0018439261499932729 1.1185561232134464 0.8057618468942744 1.6585570513909198
-15000.000378931882 0.0018676871870116547 1.1217060010992634 0.8108493709777583 1.6824918205187451
-14800.000373879457 0.0018920882545723008 1.1248552762232025 0.8160710826156479 1.7070518302643831
-14600.000368827032 0.0019171554905550313 1.128005621059148 0.8214296155585147 1.732263998831787
-14400.000363774607 0.001942915371235422 1.1311557147506823 0.8269325282187799 1.758153216746645
-14200.000358722182 0.0019693962486871095 1.134306000638764 0.8325848432983696 1.784747618867354
-14000.000353669757 0.001996629004089124 1.1374568498660753 0.8383923904186545 1.8120776969153456
-13800.000348617332 0.0020246462465509135 1.1406081118890865 0.8443622687913894 1.8401752043526076
-13600.000343564907 0.002053481269228079 1.1437589870087304 0.850502699636184 1.8690720909002216
-13400.000338512482 0.002083170363975543 1.1469103642579483 0.856819625652099 1.8988045961718636
-13200.000333460057 0.0021137531989062555 1.1500620693507324 0.8633218792390639 1.929411288117067
-13000.000328407632 0.002145266236254144 1.1532137643262725 0.8700168587426476 1.9609278135402124
-12800.000323355205 0.0021777575675577814 1.156366310204211 0.8769138587040723 1.993401642285849
-12600.00031830278 0.0022112707657593834 1.1595186583318289 0.8840235485756445 2.0268746298342712
-12400.000313250355 0.0022458518866489995 1.1626715930128309 0.8913534207796996 2.0613926787560874
-12200.00030819793 0.002281556923212095 1.1658246418485922 0.898916854012092 2.0970098911140225
-12000.000303145505 0.0023184384113042428 1.168978303367824 0.9067231980768997 2.1337782708332513
-11800.00029809308 0.0023565562758627694 1.1721324075234754 0.9147854142162561 2.1717562310824383
-11600.000293040655 0.0023959714016583223 1.1752866787941287 0.9231163687032501 2.2110031947956728
-11400.00028798823 0.00243675417663236 1.1784409881633093 0.931731539536856 2.2515877188258804
-11200.000282935805 0.0024789738000223632 1.181596453463049 0.9406422679805355 2.2935786938506713
-11000.00027788338 0.002522706560419758 1.1847516028954872 0.9498675873951901 2.3370494124859507
-10800.000272830956 0.0025680374207604226 1.1879080850427806 0.9594216734465928 2.382084433211128
-10600.00026777853 0.002615053611970907 1.1910646163281373 0.9693253351643623 2.4287679568230853
-10400.000262726106 0.002663851404892964 1.1942217962444646 0.9795972225869768 2.477194701441552
-10200.00025767368 0.002714532764215216 1.1973795672716538 0.990258439663787 2.527464411356279
-10000.000252621256 0.002767208385382087 1.2005371695346148 1.001333833237278 2.5796846323811127
-9800.000247568829 0.002821996136170572 1.2036956122231557 1.0128449834530886 2.633971759919903
-9600.000242516404 0.0028790286332652415 1.2068551873649298 1.0248189970010881 2.6904557038811863
-9400.000237463979 0.0029384422377926956 1.2100146956385367 1.0372867171543383 2.749268821206708
-9200.000232411554 0.003000391275890821 1.2131755710536527 1.0502764982234378 2.810563481887798
-9000.000227359129 0.0030650411669641176 1.2163371637039446 1.0638242981878872 2.8745008641101166
-8800.000222306704 0.0031325689946705036 1.2194994458791937 1.0779664020106563 2.9412543144901924
-8600.000217254279 0.0032031775262334984 1.2226625675009157 1.092745164767111 3.0110221303480076
-8400.000212201854 0.003277072547746241 1.2258262769367863 1.10820268083578 3.084005723305394
-8200.00020714943 0.003354492091321992 1.2289910735899328 1.1243870337811335 3.1604384172147153
-8000.000202097004 0.0034356970291089506 1.232156777890464 1.141353025275284 3.2405751569008587
-7800.000197044578 0.0035209648392224803 1.2353237592744288 1.1591559563243274 3.324688085814791
-7600.000191992153 0.0036106123598712517 1.23849190046765 1.1778620913556752 3.4130869468858074
-7400.000186939728 0.0037049851336277495 1.241661174985563 1.1975427983590117 3.506109822367391
-7200.000181887303 0.0038044623134385535 1.244831784191036 1.2182751433867913 3.604128073387532
-7000.000176834878 0.003909474429799669 1.2480040478993317 1.2401472968678005 3.707563215823695
-6800.000171782453 0.004020487659629077 1.2511777060017155 1.2632553916299507 3.8168713413930457
-6600.0001667300285 0.004138037661469411 1.2543522768005595 1.2877124027979088 3.932575804154279
-6400.000161677603 0.004262712433798941 1.2575292186327431 1.3136331833893418 4.055254018278322
-6200.000156625178 0.00439518442615312 1.2607080757386089 1.3411583535671414 4.185563332522398
-6000.000151572753 0.004536204758258084 1.2638886763661408 1.3704429545367085 4.324238628614751
-5800.000146520328 0.004686625983416322 1.2670708619189837 1.4016630711917615 4.472114012778552
-5600.000141467903 0.004847422620430024 1.2702566989704018 1.4350100989978756 4.630146010314446
-5400.000136415478 0.00501970421323757 1.2734444288887339 1.470719849037943 4.799418039100242
-5200.000131363053 0.0052047448218997 1.2766349832993926 1.5090497630320479 4.98117832182152
-5000.000126310628 0.0054040149808292194 1.279828924173194 1.5502989475528648 5.176866917957532
-4800.000121258202 0.0056192249183269405 1.2830260448011153 1.594819771903932 5.388157252520634
-4600.000116205777 0.0058523585201251 1.2862264071398342 1.6430186001006748 5.616991198836266
-4400.000111153352 0.006105756636442512 1.2894310356971541 1.6953702481634285 5.865661414120666
-4200.000106100927 0.006382178104165767 1.2926401531394094 1.7524386345246947 6.1368685977066635
-4000.000101048502 0.00668491358858477 1.2958539823036763 1.8148968658444953 6.433833931117055
-3800.0000959960767 0.007017904810898409 1.299073078944149 1.8835484970923764 6.760416628724305
-3600.0000909436517 0.007385931231688378 1.3022981816535422 1.9593671090599873 7.12129627885006
-3400.0000858912267 0.0077948279413052445 1.3055294372487238 2.043545346718986 7.522184858832979
-3200.0000808388013 0.008251811447526791 1.3087680396675176 2.1375503768843087 7.970148715790437
-3000.0000757863763 0.008765900608376906 1.3120139922435412 2.2432257149765458 8.474016277280247
-2800.0000707339514 0.009348525236389587 1.3152679405406074 2.362902139780825 9.044977477762572
-2600.0000656815264 0.010014386043267905 1.3185303911247555 2.4995788938606216 9.697424048527811
-2400.000060629101 0.010782731472046449 1.321801543594511 2.6571870866386726 10.450198791643231
-2200.000055576676 0.011679233830589737 1.3250801680215791 2.84098571594589 11.328428974548203
-2000.000050524251 0.012738961787465704 1.328364584877932 3.0581656710377243 12.3664372456661
-1800.0000454718258 0.014011089710335232 1.3316496351491738 3.318858509106984 13.612340469867405
-1600.0000404194006 0.015566822901626216 1.334924575344019 3.6378215494733768 15.135792996231864
-1400.0000353669757 0.017513325471414615 1.338167294266121 4.03746134148027 17.041580765402962
-1200.0000303145505 0.020019804718992222 1.3413310865736658 4.553640985008537 19.49504898086265
-1000.0000252621255 0.023370263293053573 1.3443117324036071 5.247869501243125 22.77342908050014
-800.0000202097003 0.028081456864721424 1.3468600506619544 6.236030152621877 27.38028757301137
-600.0000151572752 0.03520544852733669 1.348301624774251 7.7685580126644425 34.33763405383108
-400.00001010485016 0.04727826003546617 1.3463938684721624 10.520540077038346 46.09286396470269
-200.00000505242508 0.07246429143645355 1.3300759053229259 17.275656457612513 70.37489060272725
0.0 0.1553968008138593 1.143507768972519 64.39715917996364 141.42549838247942
200.00000505242508 0.5244919639440208 0.2635871963009899 506.376831800155 136.65403198549782
400.00001010485016 0.1691791249424438 -1.602479857318978 -5.359295212856374 -169.09421714272924
600.0000151572752 0.07753213465472661 -1.7227524267394643 -11.736192766659634 -76.63872182821464
800.0000202097003 0.04999084538428777 -1.7491963478222596 -8.871136251935427 -49.19743452493598
1000.0000252621255 0.036853806011399724 -1.7574825294995042 -6.8402027916975605 -36.213459421799726
1200.0000303145505 0.02918035766423786 -1.759760606476429 -5.4812883440173055 -28.660927261737108
1400.0000353669757 0.024152508589734733 -1.7595124460705103 -4.530961421503028 -23.72370248873606
1600.0000404194006 0.020604056465255222 -1.7580417985813583 -3.835511529207394 -20.243912520378633
1800.0000454718258 0.017965916910356382 -1.7559203534799044 -3.3069583426540494 -17.658940991740707
2000.000050524251 0.015927582120973737 -1.753427492171713 -2.8927293371468132 -15.662694187219913
2200.000055576676 0.0143053105607348 -1.7507106409249265 -2.559867678834668 -14.074408964710676
2400.000060629101 0.012983458331944914 -1.7478527871987772 -2.2868131182971556 -12.780480273422196
2600.0000656815264 0.011885609285085566 -1.7449031675266424 -2.0589268698059624 -11.705918512551813
2800.0000707339514 0.010959244036411098 -1.7418919620394662 -1.8659437803597823 -10.79922606755451
3000.0000757863763 0.010167072765690705 -1.7388383340849822 -1.700465879460781 -10.023860754002886
3200.0000808388013 0.009481901950312647 -1.7357550486173345 -1.5570384163993767 -9.353186407059324
3400.0000858912267 0.008883408668616305 -1.7326510016385175 -1.4315516876297112 -8.767303424616479
3600.0000909436517 0.008356120108374518 -1.729531687534802 -1.3208485059774917 -8.251066748599117
3800.0000959960767 0.007888039920807482 -1.7264011158372872 -1.2224695711076223 -7.792736485982857
4000.000101048502 0.007469728062280777 -1.7232626945964917 -1.1344750234131982 -7.383075493700207
4200.000106100927 0.007093640894334081 -1.7201182737543521 -1.0553043491873162 -7.014704118375568
4400.000111153352 0.006753698204115174 -1.7169692436727102 -0.9836959873517153 -6.681675062193363
4600.000116205777 0.006444925590915237 -1.7138172445433322 -0.9186199571620498 -6.379122451147784
4800.000121258202 0.006163224530250438 -1.7106625642214581 -0.8592191967560013 -6.103038504073746
5000.000126310628 0.005905188035311206 -1.7075060965440279 -0.8047845747066993 -5.850091240373673
5200.000131363053 0.005667955124432063 -1.7043488358742227 -0.7547213813876121 -5.617482614931003
5400.000136415478 0.005449104818584941 -1.7011905088985257 -0.7085197913253204 -5.402845826897705
5600.000141467903 0.005246585416804658 -1.6980314833502337 -0.6657504366774557 -5.204174756086798
5800.000146520328 0.005058634391055845 -1.6948726237877278 -0.6260474075715293 -5.019745665454168
6000.000151572753 0.004883734391191227 -1.691713357828829 -0.589088706547726 -4.848075504725753
6200.000156625178 0.004720575502479786 -1.6885538001214286 -0.5545992123568375 -4.687883615051195
6400.000161677603 0.004568013019676814 -1.685394817394524 -0.5223423388045697 -4.5380503995690775
6600.0001667300285 0.004425049484025607 -1.6822355917989038 -0.49210423450042173 -4.397601205027811
6800.000171782453 0.00429080454220083 -1.6790765830477288 -0.46370205311284474 -4.265675096079189
7000.000176834878 0.004164510694776666 -1.6759177430398096 -0.43697342673272144 -4.141521888296461
7200.000181887303 0.004045478814281267 -1.6727594673878676 -0.4117753562173141 -4.024467653343815
7400.000186939728 0.003933100861018944 -1.669601596792276 -0.387979099643999 -3.913918062656319
7600.000191992153 0.00382683654183393 -1.6664439304871772 -0.3654699015665648 -3.8093450446191395
7800.000197044578 0.003726200711752959 -1.6632865378751882 -0.34414593764530244 -3.7102742914602005
8000.000202097004 0.0036307597990770744 -1.6601295702543144 -0.3239163157829297 -3.6162819219419013
8200.00020714943 0.003540120967097383 -1.656972906818358 -0.304698055713049 -3.52698391781522
8400.000212201854 0.003453930733691254 -1.6538165603459019 -0.28641685678217266 -3.4420347030917666
8600.000217254279 0.0033718707545750746 -1.6506608981293076 -0.2690068295232225 -3.36112298365123
8800.000222306704 0.0032936536666427047 -1.6475052298055815 -0.25240485383975697 -3.283968067071765
9000.000227359129 0.003219015100637092 -1.6443496215832443 -0.23655573406265384 -3.2103114495032576
9200.000232411554 0.0031477135072643697 -1.641195448538632 -0.22141327190628612 -3.1399166369249856
9400.000237463979 0.003079534975125922 -1.6380401547063024 -0.2069236953475504 -3.07257518172095
9600.000242516404 0.0030142761699803143 -1.6348862544349234 -0.1930525171192663 -3.0080876906342193
9800.000247568829 0.0029517551723317213 -1.6317325873586104 -0.1797576272513811 -2.9462765981543595
10000.000252621256 0.002891802808920558 -1.6285790120399333 -0.16700316251487746 -2.8869765204086537
10200.00025767368 0.0028342646027608586 -1.6254260964674503 -0.1547582185888956 -2.8300363482192874
10400.000262726106 0.0027789994183407443 -1.6222730428365053 -0.14299059375045364 -2.7753182623326444
10600.00026777853 0.002725874437179779 -1.619119855749629 -0.13167261214873593 -2.7226923752932697
10800.000272830956 0.0026747700714642485 -1.615967413384698 -0.12078118652581504 -2.6720416988105327
11000.00027788338 0.002625571902122216 -1.6128151487641695 -0.1102909770201429 -2.623254412671713
11200.000282935805 0.0025781753741273513 -1.609663121793565 -0.10018018679581764 -2.576228287619376
11400.00028798823 0.0025324872848903617 -1.6065111604131403 -0.09042813490098112 -2.5308723003244724
11600.000293040655 0.002488412218886505 -1.603360646369061 -0.08101912970409342 -2.487092935884313
11800.00029809308 0.0024458689749470566 -1.6002091006050148 -0.071929418724068 -2.4448110768177127
12000.000303145505 0.002404780308467666 -1.597058231409712 -0.06314685189598901 -2.4039510825076014
12200.00030819793 0.00236507324230385 -1.593907625680685 -0.054655048783458504 -2.364441639606299
12400.000313250355 0.0023266759440261683 -1.5907568014015263 -0.046438472281663756 -2.3262124616642836
12600.00031830278 0.0022895304902468177 -1.5876065606741816 -0.038485730380008576 -2.2892070055647986
12800.000323355205 0.0022535748114452595 -1.584456253175615 -0.030782708687596028 -2.253364563408769
13000.000328407632 0.0022187513468420552 -1.5813064169044586 -0.023318847272761012 -2.218628804120983
13200.000333460057 0.002185009814512443 -1.578156896792365 -0.016082772461906703 -2.184950625058983
13400.000338512482 0.0021523000457457095 -1.5750073095763313 -0.0090632716475042 -2.1522809630770854
13600.000343564907 0.0021205764433449605 -1.5718575012972273 -0.0022503012295800873 -2.120575249363705
13800.000348617332 0.002089793809337266 -1.5687085398815184 0.0043630409971481265 -2.0897892547856634
14000.000353669757 0.002059913927306549 -1.5655596816824175 0.010786988898452199 -2.0598856834256587
14200.000358722182 0.0020308948205277275 -1.5624108551983795 0.01702981125299685 -2.0308234186100567
14400.000363774607 0.0020027017731016994 -1.5592616023684551 0.023100100808896573 -2.0025685449760036
14600.000368827032 0.0019752996954773895 -1.5561136139490728 0.02900171614532726 -1.9750867797172087
14800.000373879457 0.0019486577470948273 -1.5529648144961408 0.03474567320964489 -1.9483479549366682
15000.000378931882 0.00192274253408354 -1.5498163105187572 0.04033621043625851 -1.9223193913867787
15200.000383984307 0.001897526501284141 -1.5466686915859365 0.04577838532788592 -1.8969742124004756
15400.000389036732 0.0018729817782236944 -1.5435205184266247 0.05108075775411164 -1.8722851005509973
15600.000394089157 0.0018490831893441197 -1.5403720353792638 0.05624836726740623 -1.8482274649768553
15800.000399141583 0.0018258036626013696 -1.5372256061233476 0.061282032504772044 -1.8247749249868215
16000.000404194008 0.0018031191390604957 -1.5340777374058847 0.0661931147491186 -1.80190374360177
16200.000409246433 0.0017810105349093362 -1.5309299071427327 0.07098370712996238 -1.7795954143512867
16400.00041429886 0.0017594535300578626 -1.5277815568253288 0.07565915218137342 -1.7578260485964674
16600.000419351283 0.0017384305344467297 -1.5246349880607597 0.08021978403778246 -1.7365786792845503
16800.000424403708 0.001717921137873423 -1.5214878478562628 0.08467375692412837 -1.7158331477275608
17000.000429456133 0.0016979046908914307 -1.5183417701612723 0.08902200094161472 -1.6955693506015836
17200.000434508558 0.0016783670269198594 -1.5151950360024966 0.09327129768999282 -1.6757733564175774
17400.000439560983 0.0016592894786697646 -1.5120475696707039 0.09742512955718186 -1.656426852642442
17600.000444613408 0.0016406575916895082 -1.5089006723254512 0.10148474719400774 -1.6375158561844172
17800.000449665833 0.0016224550403688461 -1.505755041479335 0.10545217421633418 -1.6190244584228253
18000.000454718258 0.0016046651739289556 -1.5026076963956452 0.10933514539836237 -1.6009360219575184
18200.000459770683 0.0015872797276069409 -1.4994606070196652 0.11313373265151122 -1.5832427774060114
18400.000464823108 0.001570283003797985 -1.496314272908801 0.11684979448034866 -1.565929384597761
18600.000469875533 0.0015536617033380584 -1.4931686792525216 0.12048600882621763 -1.5489828307945979
18800.000474927958 0.0015374003144547988 -1.4900224333540484 0.12404681746860002 -1.5323877165918638
19000.000479980383 0.0015214915412562328 -1.486876414985188 0.12753361919478973 -1.516137093434939
19200.000485032808 0.0015059240725879392 -1.48372950986672 0.1309504213001758 -1.5002197504236343
19400.000490085233 0.0014906891238713306 -1.4805829335961183 0.13429778817895988 -1.484627282558998
19600.000495137658 0.0014757708372999062 -1.477438398538456 0.13757486095789495 -1.469344316985397
19800.000500190083 0.001461162751652795 -1.4742922002377743 0.1407894676267697 -1.4543640921801315
20000.00050524251 0.0014468564117562836 -1.4711462042917425 0.14394091665653586 -1.4396786060619031
20200.000510294936 0.001432840493537539 -1.4680006849195566 0.14703049481962294 -1.4252767848786407
20400.00051534736 0.0014191082832051658 -1.4648541061421063 0.15006240427295403 -1.4111518679027193
20600.000520399786 0.001405649482261857 -1.4617091876870487 0.15303434048582548 -1.3972941557220853
20800.00052545221 0.0013924576378072614 -1.4585652557494129 0.1559491459536545 -1.38369727070776
21000.000530504636 0.0013795236247106616 -1.4554185134896378 0.15881351591245285 -1.3703516695718536
21200.00053555706 0.0013668432403892048 -1.4522716036384749 0.16162567299234537 -1.3572536924346283
21400.000540609486 0.001354407831827533 -1.44912864852387 0.16438139786967892 -1.34439552623109
21600.00054566191 0.001342205724484673 -1.4459816569122084 0.16709232767067633 -1.3317643788872795
21800.000550714336 0.0013302383197492656 -1.4428372535764544 0.16975193654390147 -1.3193628262797708
22000.00055576676 0.0013184930420388821 -1.439692570301134 0.17236462596771374 -1.30717800533055
22200.000560819186 0.0013069666948356397 -1.4365490009547923 0.1749302346834482 -1.2952070700869378
22400.00056587161 0.0012956508599720248 -1.4334023038060086 0.1774551450731005 -1.283441008552139
22600.000570924036 0.001284544922272784 -1.4302565990155531 0.17993589449657751 -1.2718799987453648
22800.00057597646 0.00127364027487795 -1.4271120090481946 0.18237309820048833 -1.2605156099168051
23000.000581028886 0.001262930684264264 -1.4239663110399943 0.1847705455605539 -1.249341329961295
23200.00058608131 0.0012524114886913826 -1.420821137401298 0.1871273097297102 -1.238352900816034
23400.000591133736 0.0012420799481134572 -1.4176775437736666 0.1894434784075451 -1.2275478670888473
23600.00059618616 0.001231927286485855 -1.4145328746530605 0.19172272594286166 -1.2169171029883015
23800.000601238586 0.001221952591564825 -1.4113879766234054 0.1939655276483565 -1.2064599082091734
24000.00060629101 0.0012121500358927807 -1.4082433433803399 0.19617200970624019 -1.196170661788143
24200.000611343436 0.0012025161333980405 -1.4050983711555434 0.1983439335906233 -1.1860458402146068
24400.00061639586 0.0011930450615716295 -1.4019543733793396 0.20048034537415688 -1.176079993052816
24600.000621448286 0.0011837309613735773 -1.3988097898094825 0.2025836155754701 -1.1662670653048486
24800.00062650071 0.0011745758041380385 -1.3956652848885982 0.20465477174659386 -1.1566091578696192
25000.000631553135 0.0011655724456410379 -1.3925213136383692 0.20669351495223942 -1.1470993491909576
25200.00063660556 0.0011567157424050595 -1.3893769436918664 0.20870141377886675 -1.1377324064183063
25400.000641657985 0.001148004263349006 -1.3862330180167388 0.21067861567115614 -1.1285071154256756
25600.00064671041 0.0011394349853065778 -1.383090028654345 0.2126253766236964 -1.119420624678781
25800.00065176284 0.0011310029986036018 -1.379944589812598 0.21454588039163563 -1.1104674007179667
26000.000656815264 0.0011227052672904548 -1.3767999231324 0.21643721156669876 -1.1016451564142438
26200.00066186769 0.0011145395521650742 -1.373655217931029 0.21830109390490846 -1.092951529456016
26400.000666920114 0.0011065054810600245 -1.3705096561737973 0.2201395740861385 -1.0843859771949516
26600.00067197254 0.0010985960165857457 -1.3673660449947571 0.2219494190295806 -1.0759422210558052
26800.000677024964 0.0010908086479610199 -1.3642228725886338 0.22373294193595364 -1.0676174769828524
27000.00068207739 0.0010831414388570697 -1.3610789942032442 0.22549210431153816 -1.0594095938127603
27200.000687129814 0.0010755906989035496 -1.357933498112728 0.22722819043089826 -1.0513147487985344
27400.00069218224 0.0010681591241449048 -1.3547899187584769 0.22893914002562732 -1.0433363717700714
27600.000697234664 0.001060835207072746 -1.3516466690268798 0.230625253079623 -1.0354628574734277
27800.00070228709 0.0010536247801315043 -1.3485029686052445 0.23228963099157424 -1.0276997152091454
28000.000707339514 0.0010465188655684663 -1.3453589296686104 0.23393120113972482 -1.02003819983569
28200.00071239194 0.0010395208103880565 -1.3422152355670478 0.23555099841475363 -1.0124817244650168
28400.000717444364 0.0010326236054394305 -1.339070838553345 0.23714948020098658 -1.0050232010014148
28600.00072249679 0.0010258288948275054 -1.3359266249110273 0.23872707072815819 -0.997664426129635
28800.000727549213 0.00101913372510509 -1.3327832537963185 0.2402833809324021 -0.9904026688646752
29000.00073260164 0.0010125344058563239 -1.329638447799497 0.24182071520864357 -0.9832337792909676
29200.000737654063 0.0010060309514855388 -1.3264975242939159 0.24333474981438186 -0.9761590417957877
29400.00074270649 0.0009996179777300327 -1.3233528749062582 0.24483251500508924 -0.9691713682302852
29600.000747758913 0.0009932960978497776 -1.3202081843500277 0.2463113830291963 -0.9622722279032268
29800.00075281134 0.000987064130236792 -1.3170637061875838 0.24777166322560704 -0.9554605172912856
30000.000757863763 0.0009809216286369288 -1.3139191901797462 0.24921432163398427 -0.9487357184275493
30200.00076291619 0.000974864035945174 -1.3107773088810817 0.2506365010897134 -0.9420940679681725
30400.000767968613 0.0009688875906177277 -1.3076338731403843 0.25204198494093744 -0.9355308659152074
30600.00077302104 0.0009629955514161156 -1.3044898376286191 0.25343146912102427 -0.9290494725828049
30800.000778073463 0.0009571842499342781 -1.3013463418871083 0.2548036991684856 -0.9226466079774545
31000.000783125888 0.0009514511364232946 -1.2982031293035656 0.2561589851998374 -0.9163197254793592
31200.000788178313 0.0009457948772618563 -1.2950605509225477 0.257497377336925 -0.9100676076640544
31400.00079323074 0.0009402155947503426 -1.2919156792592053 0.25882228179415084 -0.9038895900820021
31600.000798283167 0.000934710723826697 -1.2887716968571068 0.2601308005718467 -0.8977839961986835
31800.00080333559 0.0009292802980204757 -1.2856272704232168 0.2614248399666515 -0.8917504837887305
32000.000808388017 0.0009239221912275942 -1.282485488918118 0.2627017427110884 -0.8857877905115628
32200.00081344044 0.000918629201571014 -1.2793433896822102 0.2639627646427358 -0.87988821384376
32400.000818492867 0.0009134118047587681 -1.276196581779885 0.26521538535986794 -0.8740605954057686
32600.00082354529 0.0009082594140298161 -1.2730544069582772 0.2664490059390243 -0.8682972362088288
32800.00082859772 0.0009031737252157514 -1.2699115647937282 0.2676693848179419 -0.8625983296710481
33000.00083365014 0.0008981524521184676 -1.2667667185145604 0.26887759024575597 -0.8569612994237555
33200.00083870257 0.0008931997887242165 -1.2636237078381505 0.270072185139633 -0.851391142419798
33400.00084375499 0.0008883056006464889 -1.2604821042135181 0.2712511026501609 -0.8458780523521054
33600.000848807416 0.0008834744995310392 -1.2573371416004768 0.27242033631477436 -0.8404251017691972
33800.00085385984 0.0008787050757225383 -1.2541931106047253 0.27357639376609316 -0.8350320753566843
34000.000858912266 0.0008739967028418227 -1.2510489138678402 0.27472057456852783 -0.8296980429572648
34200.00086396469 0.000869345591195646 -1.2479093639713164 0.2758482707466235 -0.8244206987075257
34400.000869017116 0.0008647522673780731 -1.2447650415387372 0.276967970432083 -0.8191979170446243
34600.00087406954 0.0008602152609802087 -1.2416220270411795 0.27807470838260795 -0.8140299452607233
34800.000879121966 0.0008557338408711715 -1.238478941532639 0.27916990249471535 -0.808915676664273
35000.00088417439 0.0008513084195632918 -1.23533440185775 0.28025531299887174 -0.8038550769605516
35200.000889226816 0.0008469355532087884 -1.2321920567496383 0.28132737613099984 -0.7988458792084512
35400.00089427924 0.0008426171153104187 -1.2290475250076722 0.28239071646129527 -0.7938885855524865
35600.000899331666 0.000838349048955935 -1.2259046426211666 0.28344140532789786 -0.788980416506688
35800.00090438409 0.0008341345180418082 -1.222761161779393 0.2844827738456589 -0.784123680023706
36000.000909436516 0.0008299695254202016 -1.2196201868005552 0.2855115118682507 -0.7793154622596297
36200.00091448894 0.0008258514115180158 -1.216476522955855 0.28653121295611983 -0.77455175289208
36400.000919541366 0.0008217843335692009 -1.2133330440425796 0.2875415138824536 -0.7698372351958318
36600.00092459379 0.0008177651312422824 -1.2101895188697958 0.288541948218109 -0.76516884018771
36800.000929646216 0.0008137929297784356 -1.207046618748197 0.28953213425815694 -0.7605459064312202
37000.00093469864 0.0008098674245334607 -1.2039061809430447 0.2905110149059815 -0.7559686471929621
37200.000939751066 0.0008059854479218148 -1.200760884292597 0.2914834087191531 -0.751431942828618
37400.00094480349 0.00080214955040228 -1.1976179834589935 0.2924451618396535 -0.7469402442814008
37600.000949855916 0.0007983593436499735 -1.1944746394928878 0.2933986945685172 -0.7424923215890562
37800.00095490834 0.0007946115248157409 -1.1913323747920668 0.29434207283461156 -0.7380855096324686
38000.000959960766 0.0007909059187734158 -1.1881910920784966 0.2952757062801046 -0.7337195851492628
38200.00096501319 0.0007872431692237703 -1.1850452367915911 0.29620428868238713 -0.7293934650486299
38400.000970065616 0.0007836213668233986 -1.1819042815556797 0.2971205610218962 -0.7251081428036821
38600.00097511804 0.0007800403037774898 -1.1787599469995975 0.2980308503975297 -0.7208609350829076
38800.000980170465 0.0007765005790717008 -1.175618825954925 0.29893099289293346 -0.7166543174967493
39000.00098522289 0.0007729987779915938 -1.1724743538669333 0.29982475941572495 -0.7124831397428293
39200.000990275315 0.0007695380902491409 -1.1693312500134823 0.30071035945737323 -0.7083517149406164
39400.00099532774 0.0007661135666217386 -1.16618878509359 0.3015867502469284 -0.7042552300390661
39600.001000380165 0.0007627282803252656 -1.1630465197931472 0.302455797396254 -0.7001963440559605
39800.00100543259 0.0007593782593123004 -1.1599012624484044 0.30331849635467806 -0.6961704033390939
40000.00101048502 0.0007560676380695241 -1.1567600909833748 0.30417189824449753 -0.6921833063967724
40200.00101553745 0.0007527919731099506 -1.1536162519279722 0.30501925739035685 -0.688228891721212
40400.00102058987 0.0007495528521211066 -1.1504737748934548 0.30585875190697653 -0.6843097997287428
40600.0010256423 0.0007463482059038469 -1.1473300976686784 0.30669162339098344 -0.6804233186757301
40800.00103069472 0.0007431777597633332 -1.1441879588091448 0.3075162056887224 -0.6765700006988619
41000.00103574715 0.0007400418398291083 -1.141045374821647 0.30833429823005076 -0.6727494966424231
41200.00104079957 0.0007369404860839241 -1.1379017649204808 0.30914661496603685 -0.6689616210849852
41400.001045852 0.000733869983365501 -1.1347613730824906 0.30994906575101805 -0.665204276237722
41600.00105090442 0.0007308324626882702 -1.1316176198541459 0.3107472263394923 -0.6614773237544235
41800.00105595685 0.0007278280224513522 -1.1284758628546445 0.31153787642806974 -0.6577824730229097
42000.00106100927 0.0007248545474061998 -1.1253315592187676 0.31232339779863216 -0.654116358213861
42200.0010660617 0.0007219140842088375 -1.1221881252379071 0.3131027091411834 -0.6504818510208691
42400.00107111412 0.0007190031833604025 -1.1190455026477764 0.3138746499180166 -0.6468757854652121
42600.00107616655 0.0007161224419399204 -1.1159028767212613 0.31464028369121466 -0.6432984095493373
42800.00108121897 0.0007132721043197636 -1.1127599245850919 0.31540019801937447 -0.6397498025713515
43000.0010862714 0.000710451773734358 -1.1096167551006777 0.31615441824225243 -0.6362296021313362
43200.00109132382 0.0007076604715343317 -1.1064741735768073 0.3169022651161737 -0.6327371471127888
43400.00109637625 0.0007048976656823544 -1.1033319052571553 0.31764394006397084 -0.6292718382583705
43600.00110142867 0.0007021624163657278 -1.1001899738497012 0.3183792625522939 -0.6258328084506398
43800.0011064811 0.0006994572819668316 -1.097046166268005 0.31911102957016824 -0.6224215935385717
44000.00111153352 0.0006967778216459167 -1.0939028117146703 0.3198360116458809 -0.6190349411722126
44200.00111658595 0.0006941284176956543 -1.0907625830734315 0.32055482387820317 -0.6156775658906917
44400.00112163837 0.0006915010112399244 -1.08762007989975 0.32126732892249493 -0.6123405522361258
44600.0011266908 0.0006889044582138361 -1.0844766299222437 0.3219770352287493 -0.6090321348929001
44800.00113174322 0.000686331844044167 -1.081333855130686 0.32267997431401324 -0.605746675043103
45000.00113679565 0.0006837858242531469 -1.0781908063401193 0.323378196807747 -0.6024861784961755
45200.00114184807 0.0006812674468453503 -1.075049480094595 0.3240712400779151 -0.5992521718655215
45400.0011469005 0.0006787686533763212 -1.0719060040161592 0.32475781943937787 -0.5960362770161602
45600.00115195292 0.0006763008829944658 -1.06876041047108 0.32544357869730656 -0.5928485147352434
45800.00115700535 0.0006738563927220523 -1.065619938195468 0.3261207551868793 -0.5896843995297114
46000.00116205777 0.0006714327470714306 -1.0624793840050724 0.3267914727332012 -0.586540081485275
46200.0011671102 0.000669035023181184 -1.0593349537692358 0.3274606174299389 -0.5834187229387231
46400.00117216262 0.0006666606151022765 -1.0561932003094066 0.32812329756712927 -0.5803201507118452
46600.00117721505 0.0006643089178219073 -1.0530501247325181 0.32878175485927497 -0.577242493211795
46800.00118226747 0.0006619822273552555 -1.0499051879918664 0.3294376319039503 -0.5741875268757956
47000.0011873199 0.000659678181852009 -1.0467636979564299 0.3300869193917324 -0.5711549082850013
47200.00119237232 0.000657395045110476 -1.0436221534565588 0.330730965608531 -0.5681419485687124
47400.001197424746 0.0006551357460177733 -1.0404790507629926 0.3313722880570488 -0.5651506457734086
47600.00120247717 0.0006528972207930822 -1.0373394095207003 0.3320067030886487 -0.5621799800984882
47800.001207529596 0.0006506784948479625 -1.0341943413258938 0.33263889873640323 -0.5592261319940646
48000.00121258202 0.0006484846462844485 -1.0310514544946834 0.333267381029702 -0.5562959546934256
48200.001217634446 0.0006463091526335141 -1.0279118616679397 0.33388840127187397 -0.5533841850594965
48400.00122268687 0.0006441561873185015 -1.024767462157599 0.3345087789702478 -0.5504916624732317
48600.001227739296 0.0006420235077723356 -1.0216252491365458 0.33512366994367804 -0.5476187637177665
48800.00123279172 0.0006399118220413751 -1.0184809049985213 0.33573599571925605 -0.5447646107877349
49000.001237844146 0.0006378201000372018 -1.0153411035345226 0.3363417626733223 -0.5419305293976975
49200.00124289657 0.0006357451355244916 -1.0121957438057925 0.3369449313412858 -0.5391103695779469
49400.001247948996 0.0006336941172643427 -1.00905328247259 0.3375448984835794 -0.5363130389643205
49600.00125300142 0.0006316608763152221 -1.0059104615093475 0.33814033119505993 -0.5335321724944144
49800.001258053846 0.0006296460597041157 -1.002768670387235 0.33873099435137277 -0.5307687575269
50000.00126310627 0.0006276519248980185 -0.9996256453129099 0.33931947429652887 -0.5280238945268625
50200.001268158696 0.0006256759233648216 -0.996483127162873 0.3399036415344341 -0.5252959885150972
50400.00127321112 0.0006237168321202841 -0.9933432583542304 0.3404818720534415 -0.5225847122459157
50600.001278263546 0.0006217778246633803 -0.9901997825523786 0.3410593296708093 -0.5198905624144601
50800.00128331597 0.0006198555583106198 -0.9870584744158792 0.3416313299756988 -0.5172126714878567
51000.001288368396 0.0006179518596969534 -0.9839133104440249 0.3422021482998976 -0.5145504742995173
51200.00129342082 0.0006160683368685721 -0.9807694698434197 0.34277015847043746 -0.5119070366327851
51400.00129847325 0.0006142015532968672 -0.9776284064088526 0.34333288293658293 -0.5092799618743497
51600.00130352568 0.0006123492649873392 -0.974489081512644 0.3438897555401583 -0.5066670093513734
51800.0013085781 0.0006105149444001048 -0.9713463832778834 0.3444454538041639 -0.5040692677494896
52000.00131363053 0.0006086991396605537 -0.9682000997014574 0.34500052334649567 -0.5014870701365512
52200.00131868295 0.0006068977191584359 -0.9650636762337675 0.34554603473547085 -0.4989216164873041
52400.00132373538 0.0006051146710658446 -0.961920772739677 0.3460925817819098 -0.4963705168265511
52600.0013287878 0.0006033450892386432 -0.9587773715548207 0.34663449887860454 -0.49383177388212374
52800.00133384023 0.0006015947470941014 -0.9556331681221958 0.34717538240249524 -0.4913099770866628
53000.00133889265 0.0005998610728826611 -0.9524918250070501 0.3477121082309095 -0.4888042517711497
53200.00134394508 0.0005981409297849822 -0.9493480062669623 0.34824560914240843 -0.48631015576180997
53400.0013489975 0.0005964375180340176 -0.946206401261707 0.348775587505571 -0.48383189485473443
53600.00135404993 0.0005947500371455038 -0.9430627881120724 0.3493037643770338 -0.4813673097299107
53800.00135910235 0.000593077744616676 -0.9399186674671463 0.34982910431894065 -0.47891628593211455
54000.00136415478 0.000591420479378065 -0.9367770849079207 0.3503501871125502 -0.4764797265550562
54200.0013692072 0.0005897784691780552 -0.9336356226746834 0.3508684413869598 -0.4740569370283445
54400.00137425963 0.0005881524049477755 -0.9304916729271939 0.35138564060679384 -0.47164751989298664
54600.00137931205 0.0005865378951826586 -0.9273503200886432 0.3518968810056295 -0.4692497071110575
54800.00138436448 0.0005849428129366032 -0.9242078921085779 0.3524087401130908 -0.4668684764450155
55000.0013894169 0.0005833587091620718 -0.9210676578235842 0.3529147406730741 -0.46449819092316763
55200.00139446933 0.0005817884535268534 -0.9179243216174401 0.35341918514881476 -0.4621392476580142
55400.00139952175 0.0005802335345494438 -0.9147826007067424 0.3539209082715214 -0.459794459844833
55600.00140457418 0.0005786908879734449 -0.9116394330704304 0.3544195738769466 -0.4574602818566631
55800.0014096266 0.0005771641734887522 -0.9084959701590128 0.35491700352335304 -0.4551399826086022
56000.00141467903 0.0005756512126518972 -0.9053524857204068 0.35541185843040246 -0.452831899842146
56200.00141973145 0.0005741520671254393 -0.9022113988411815 0.3559032024749259 -0.4505369093121082
56400.00142478388 0.0005726637298853347 -0.8990691808714212 0.35639087824465265 -0.4482513685759239
56600.0014298363 0.0005711916587422957 -0.8959237856795252 0.35687929382527384 -0.4459787894682314
56800.00143488873 0.000569730645607153 -0.8927849921387171 0.3573609550390199 -0.4437185553451004
57000.00143994115 0.0005682849899650656 -0.8896417019895717 0.35784360800270665 -0.44147002393276935
57200.00144499358 0.0005668492439641874 -0.8865011074730329 0.35832074539903114 -0.439231497959167
57400.001450046 0.0005654288496617646 -0.8833574239179419 0.3587984521557539 -0.43700509695020906
57600.00145509843 0.0005640203539766457 -0.8802173808450315 0.3592717072452455 -0.434790524359751
57800.00146015085 0.0005626225747096585 -0.8770726433771466 0.35974348401266865 -0.4325838500029238
58000.00146520328 0.0005612407312471912 -0.8739301759912589 0.3602141946725507 -0.4303915570353206
58200.0014702557 0.0005598679298878208 -0.8707905977775036 0.3606792761710112 -0.42820854575502026
58400.00147530813 0.0005585086344885278 -0.8676450930043581 0.3611454677052447 -0.42603502902249724
58600.00148036055 0.0005571625121551667 -0.8645002342672625 0.3616098387319359 -0.42387308181025096
58800.00148541298 0.000555828470458493 -0.8613613614296524 0.36206953721392066 -0.4217237707243038
59000.0014904654 0.0005545038743009703 -0.8582222583632847 0.36252558615554187 -0.4195828237635175
59200.00149551783 0.0005531926228778544 -0.8550758942597311 0.3629835575235057 -0.4174506138144486
59400.00150057025 0.0005518912359397997 -0.8519355963945733 0.3634356854734454 -0.41532931371576287
59600.00150562268 0.0005506035839664893 -0.8487927626276566 0.36388820356988266 -0.4132186854190243
59800.0015106751 0.0005493257403896612 -0.8456520654912081 0.36433668014903287 -0.4111174437464687
60000.00151572753 0.000548060178995044 -0.8425100142244564 0.36478428454553424 -0.40902614286703287
60200.00152077995 0.0005468048726283867 -0.8393656668208833 0.3652301363089715 -0.406942890663882
60400.00152583238 0.0005455624903091628 -0.8362225993279445 0.3656746464632762 -0.40487094705139487
60600.0015308848 0.0005443298113618014 -0.8330788772175621 0.36611653858088633 -0.4028071793237114
60800.00153593723 0.0005431087539315499 -0.8299362925337179 0.36655646485350213 -0.40075363588018026
61000.00154098965 0.0005418984517669107 -0.8267956080106607 0.36699363438832056 -0.39870992506561287
61200.00154604208 0.0005406972044631943 -0.823656370113697 0.3674271697408712 -0.39667460449406955
61400.0015510945 0.0005395071722125561 -0.8205127721586212 0.36786091869260207 -0.3946470997833678
61600.001556146926 0.0005383286853285022 -0.8173711349793747 0.3682926881691439 -0.3926299393686876
61800.00156119935 0.0005371601463059693 -0.8142271718017932 0.36872315907644604 -0.39062034603965023
62000.001566251776 0.000536001578093274 -0.8110870043623928 0.36915003407781777 -0.38862056566633996
62200.0015713042 0.0005348542325091136 -0.8079433410850678 0.36957709977622866 -0.3866287849525749
62400.001576356626 0.0005337166191019344 -0.8047998891097292 0.37000196413057695 -0.3846452600060406
62600.00158140905 0.0005325892199075945 -0.801658155318072 0.3704244646286634 -0.3826708679352899
62800.00158646148 0.0005314718488845199 -0.7985183064597091 0.37084449871160974 -0.38070550814516047
63000.00159151391 0.0005303618534374331 -0.795378147615016 0.3712611309351028 -0.37874644320227957
63200.00159656633 0.0005292642299396061 -0.7922299249745115 0.3716808506887038 -0.3767943342526341
63400.00160161876 0.0005281776365926228 -0.7890877897311869 0.3720974552717812 -0.37485343746167454
63600.00160667118 0.0005270985475603376 -0.7859462475887774 0.3725106221866436 -0.3729191805181615
63800.00161172361 0.0005260301262632542 -0.7828047288897204 0.3729228699503234 -0.3709935670662623
64000.00161677603 0.000524970526845594 -0.7796643854787801 0.37333254277691946 -0.36907569218286385
64200.00162182846 0.0005239190058125033 -0.7765222262264089 0.37374028461299086 -0.367163892980999
64400.00162688088 0.0005228788956521923 -0.7733796471158462 0.3741480239391678 -0.3652609966871253
64600.00163193331 0.0005218462071881071 -0.7702331626280388 0.37455424757532235 -0.3633628758966675
64800.00163698573 0.0005208259481150695 -0.7670907187888122 0.3749597257208883 -0.361475963678468
65000.00164203816 0.0005198129541631665 -0.7639494950984534 0.37536185826966184 -0.35959558210882486
65200.00164709058 0.0005188089714763193 -0.7608097980000187 0.37576186506217957 -0.3577230348318495
65400.00165214301 0.0005178147651661298 -0.7576650791707374 0.37616270974283345 -0.3558563570079688
65600.00165719543 0.0005168279407861863 -0.7545249262434311 0.376559299395429 -0.35399747797987685
65800.00166224786 0.0005158495496738186 -0.7513831287208051 0.376954672698098 -0.35214476090061486
66000.00166730028 0.0005148799854863442 -0.7482396990731796 0.377349169191861 -0.35029844984617076
66200.00167235271 0.0005139216159739338 -0.745096017297256 0.37774410616718 -0.3484606399885327
66400.00167740513 0.0005129715771271103 -0.7419540952149636 0.3781367553771431 -0.34663011002092914
66600.00168245756 0.0005120280494361022 -0.7388159168036249 0.37852516037463313 -0.34480636069060255
66800.00168750998 0.0005110918418942519 -0.7356706557008563 0.3789137059641403 -0.3429858222775103
67000.00169256241 0.0005101679380957013 -0.7325283785577666 0.37930268055391025 -0.34117561692688086
67200.00169761483 0.0005092499525810028 -0.7293878080436305 0.3796878603621314 -0.3393709517583675
67400.00170266726 0.0005083399907589191 -0.7262462983140224 0.3800717688535096 -0.3375722096460879
67600.00170771968 0.0005074396826690437 -0.723102744846513 0.380456053894092 -0.33578002114866157
67800.00171277211 0.0005065473553775131 -0.7199589970375373 0.38083889891537276 -0.333993946521309
68000.00171782453 0.0005056621102396786 -0.7168225743751001 0.3812171864771068 -0.33221623450175297
68200.00172287696 0.0005047847864477649 -0.7136764220834741 0.38159727893346923 -0.3304409135377876
68400.00172792938 0.0005039170286709017 -0.7105348765838541 0.381975717564565 -0.3286744939534342
68600.00173298181 0.0005030555854768579 -0.7073917786931526 0.38235213717696276 -0.3269124734170806
68800.00173803423 0.0005022038555430598 -0.7042482749160061 0.3827287948647724 -0.32515747277845775
69000.00174308666 0.0005013607672319274 -0.7011064638140143 0.3831042594329472 -0.32340956282045835
69200.00174813908 0.0005005230978906554 -0.6979664102609727 0.3834761114857921 -0.3216666651081443
69400.00175319151 0.0004996923139845433 -0.694825958328977 0.38384621828322435 -0.3199288817298224
69600.00175824393 0.0004988684383922439 -0.6916827297880757 0.3842154026441052 -0.3181952909691534
69800.00176329636 0.0004980555453485315 -0.6885353249576288 0.38458728961455574 -0.3164679176778476
70000.00176834878 0.0004972498598842054 -0.6853956810526625 0.384955252616129 -0.3147489104637443
70200.0017734012 0.000496451417774986 -0.6822543313122605 0.38532237458835217 -0.31303462724175946
70400.00177845363 0.0004956594100850196 -0.6791128982487138 0.38568756388906467 -0.3113251577806526
70600.00178350606 0.0004948744222227617 -0.6759709760154705 0.38605144913275785 -0.30962069115743845
70800.00178855848 0.0004940985225029832 -0.672830645713004 0.38641505451162816 -0.3079232949719888
71000.0017936109 0.0004933275057063987 -0.6696845095691051 0.38677741842773045 -0.3062274587310504
71200.00179866333 0.0004925664373491674 -0.6665427465503131 0.3871394298332262 -0.3045402388375891
71400.00180371576 0.0004918115044456443 -0.6634002696082125 0.38749971357746704 -0.30285727312129884
71600.00180876818 0.0004910626428092896 -0.6602613875016738 0.3878569615157028 -0.30118017293084
71800.0018138206 0.0004903214242538653 -0.6571188104680004 0.3882146628215152 -0.29950705275955725
72000.00181887303 0.0004895872624349965 -0.6539752184389657 0.3885715875464066 -0.2978385617918865
72200.00182392546 0.0004888591582360265 -0.650837139220712 0.3889250509003861 -0.296176605040588
72400.00182897788 0.00048814010876797377 -0.6476869429990201 0.38928270533899856 -0.29451611350138335
72600.0018340303 0.00048742772688755445 -0.6445465333293486 0.3896362271362721 -0.29286413136773815
72800.00183908273 0.00048672210288749863 -0.6414051076416536 0.38998892860396284 -0.29121648477646656
73000.00184413516 0.0004860236199906531 -0.6382645274254206 0.39034061931128805 -0.2895741012323078
73200.00184918758 0.00048532974579117654 -0.6351213692421367 0.39069029832577523 -0.2879341121573559
73400.00185424 0.0004846457704120608 -0.6319794766230721 0.39104115436502906 -0.2863011323260274
73600.00185929243 0.00048396558036820943 -0.6288356466948599 0.3913892240066111 -0.2846702624311864
73800.00186434486 0.000483293593674996 -0.625697122597877 0.391736057162927 -0.2830469205021249
74000.00186939728 0.00048262760600463673 -0.6225542054929317 0.3920826710684733 -0.2814259851640894
74200.0018744497 0.00048196799796402433 -0.6194109188860505 0.39242826875634773 -0.2798092295517528
74400.00187950213 0.00048131613760488834 -0.616269548862565 0.392773371026111 -0.2781983165507526
74600.00188455456 0.0004806690798842254 -0.6131285875059649 0.39311604498775143 -0.2765909245256179
74800.00188960698 0.00048002970398178604 -0.60998515825198 0.39345947671499815 -0.27498755769670913
75000.0018946594 0.0004793953015545561 -0.6068440720940356 0.39380016283388686 -0.27338852738289515
75200.00189971183 0.0004787705799357654 -0.6036996307325776 0.3941435723084017 -0.27179424684860587
75400.00190476426 0.00047815024688368173 -0.6005604238086951 0.3944830606396551 -0.2702050581748906
75600.00190981668 0.0004775344657525427 -0.5974185366853463 0.3948209440075745 -0.26861792225116715
75800.0019148691 0.00047692690158225034 -0.5942746467762855 0.3951600963407782 -0.26703514321675415
76000.00191992153 0.0004763251296051904 -0.5911315336287244 0.395497807049976 -0.2654564252604585
76200.00192497396 0.0004757309932043746 -0.587990070919988 0.3958354201012187 -0.2638831144437106
76400.00193002638 0.00047514066089099653 -0.5848482017695803 0.3961703345799802 -0.2623122445306729
76600.0019350788 0.00047455755966923534 -0.5817057455846707 0.3965054852559979 -0.2607456185655389
76800.00194013123 0.000473979726684691 -0.5785637266075655 0.39683900435393776 -0.2591825340015599
77000.00194518366 0.0004734086742167522 -0.5754242297367242 0.39717165901904944 -0.2576246224562375
77200.00195023608 0.0004728435585636412 -0.5722784041919002 0.39750505917802964 -0.2560678792878927
77400.0019552885 0.0004722842235457004 -0.5691352963860188 0.39783677778438664 -0.25451578743233516
77600.00196034093 0.0004717330220576397 -0.5659899271214401 0.3981701085162986 -0.25296760421791675
77800.00196539336 0.00047118625255850765 -0.5628522526878117 0.39849945423587785 -0.25142527632248357
78000.00197044578 0.00047064546096575304 -0.559709018101238 0.398829500979233 -0.24988433139419158
78200.0019754982 0.00047010920877258605 -0.5565709674083297 0.3991563691863641 -0.24834826576955576
78400.00198055063 0.0004695792989673003 -0.5534217677758714 0.3994856761448743 -0.2468114919806082
78600.00198560306 0.00046905877941120984 -0.5502813987072852 0.3998151050918859 -0.24528355077970113
78800.00199065548 0.00046854012369015863 -0.547144053286462 0.40013973623013877 -0.24375815678098678
79000.0019957079 0.00046802728214628245 -0.5440021057778424 0.40046482536041395 -0.24223430905280335
79200.00200076033 0.0004675207852774317 -0.5408580696960902 0.40079023507210887 -0.24071325708666338
79400.00200581276 0.0004670199699348053 -0.5377180847583783 0.40111395392432025 -0.2391970908792679
79600.00201086518 0.00046652477204370865 -0.5345703045690403 0.40143879366590135 -0.23768100023035116
79800.0020159176 0.0004660362486509193 -0.5314331110738797 0.40176132117874663 -0.2361728728311732
80000.00202097005 0.0004655515377584483 -0.5282911108218764 0.40208276194195386 -0.2346650524862745
80200.00202602247 0.0004650735575025993 -0.525147213749477 0.4024049639023415 -0.2331601572200508
80400.0020310749 0.00046460048569177555 -0.5220024759018763 0.4027261312333566 -0.23165766666969384
80600.00203612732 0.00046413425285908724 -0.5188604754130481 0.4030471411334695 -0.23015995894420943
80800.00204117974 0.0004636753729126005 -0.5157169910736524 0.40336945509122835 -0.22866555084893017
81000.00204623217 0.00046321851647715303 -0.5125800490885596 0.40368663762601803 -0.22717502637722853
81200.0020512846 0.0004627667963173277 -0.509437247828519 0.4040042484408186 -0.22568490205499436
81400.00205633702 0.00046232365069017237 -0.5062968839876704 0.404323436494621 -0.22420017102729586
81600.00206138944 0.0004618813755543385 -0.5031565269433466 0.4046380485278299 -0.22271608556087136
81800.00206644187 0.00046144642840804674 -0.5000112970122528 0.4049548395626443 -0.22123377727041507
82000.0020714943 0.0004610187173119633 -0.4968687234411257 0.4052720901771584 -0.2197562072738906
82200.00207654672 0.00046059646525107846 -0.4937264404975069 0.4055888006533695 -0.2182815351474999
82400.00208159914 0.00046017586790879215 -0.4905854790812954 0.40590142181150585 -0.21680836048687818
82600.00208665157 0.0004597644120515414 -0.48744180306635104 0.40621745502441564 -0.21533855628425294
82800.002091704 0.0004593562958648915 -0.48430260127050795 0.40653026077464993 -0.21387228344320092
83000.00209675642 0.00045895222107407446 -0.4811575284221317 0.40684269692471364 -0.21240565243856319
83200.00210180884 0.00045855678510737255 -0.4780177299299339 0.4071564904061119 -0.21094529501315445
83400.00210686127 0.00045816256411970757 -0.4748742586889215 0.40746697762113193 -0.2094841218542473
83600.0021119137 0.00045777735166705613 -0.47173317947914173 0.4077798323236952 -0.20802815205967334
83800.00211696612 0.000457395252459988 -0.4685858193093506 0.4080916391405015 -0.20657112827439095
84000.00212201854 0.00045702059977343744 -0.4654445586552459 0.40840372047595835 -0.20512003734074286
84200.00212707097 0.00045664771823601615 -0.46230697028953016 0.40871155275906385 -0.20367131661437987
84400.0021321234 0.0004562824819087283 -0.4591666253878153 0.40902172864341596 -0.20222494602382945
84600.00213717582 0.00045591928066008756 -0.45602279416211755 0.4093293812739486 -0.200778106633911
84800.00214222824 0.0004555635841638794 -0.4528801462297059 0.4096384948742659 -0.1993351016087886
85000.00214728067 0.0004552123594678996 -0.44973436924474597 0.4099472309140335 -0.19789279946033494
85200.0021523331 0.00045486663940505007 -0.446594453046247 0.41025476291506563 -0.19645531081940015
85400.00215738552 0.0004545254613015239 -0.4434535335499154 0.41056161081436093 -0.19501938031098426
85600.00216243794 0.00045419096993189477 -0.44031085747815735 0.4108698777896598 -0.19358559009591955
85800.00216749037 0.0004538585689047161 -0.4371703660160109 0.4111746647395117 -0.19215357307265232
86000.0021725428 0.000453532842122053 -0.43402838537747407 0.41148085189712524 -0.19072374630685907
86200.00217759522 0.0004532111296571821 -0.4308876185079404 0.4117855337724773 -0.18929607027314405
86400.00218264764 0.0004528939429886582 -0.42774557361877913 0.412089667701904 -0.18786971381558104
86600.00218770007 0.00045258291029173824 -0.4246033073351965 0.4123945552605801 -0.18644576015444259
86800.0021927525 0.0004522761620462223 -0.42145925700666087 0.4126988052703465 -0.1850227631500766
87000.00219780492 0.0004519743007957931 -0.4183158776370652 0.4130025290746684 -0.18360195956953662
87200.00220285734 0.00045167751317507263 -0.4151736457528192 0.41330583473048055 -0.18218359664294326
87400.00220790977 0.0004513863695826833 -0.4120322970757621 0.4136093192789376 -0.18076776717835674
87600.0022129622 0.0004510986385588157 -0.40889288613304825 0.4139107734794907 -0.17935398882441067
87800.00221801462 0.0004508157803179141 -0.40574787939327966 0.4142129027829551 -0.17793970594492947
88000.00222306704 0.00045053983476880314 -0.4026006244638376 0.41451698967915585 -0.17652707435640314
88200.00222811947 0.0004502677560920445 -0.39946285698940287 0.4148181911712061 -0.17511973175405893
88400.0022331719 0.00044999932090417137 -0.3963247885700763 0.41511805782188016 -0.17371351957866027
88600.00223822432 0.0004497345163091969 -0.3931816904480408 0.41541740646130776 -0.17230645248750243
88800.00224327674 0.00044947712191804233 -0.3900385937131802 0.41571886682592 -0.17090203887812355
89000.00224832917 0.00044922154924418835 -0.3868972906917769 0.4160169881032836 -0.16949886700158542
89200.0022533816 0.00044897372149341457 -0.383749915914635 0.41631860061570036 -0.1680958814874153
89400.00225843402 0.0004487295249849452 -0.3806136112011172 0.416617031079368 -0.16669863829026166
89600.00226348644 0.0004484893683017648 -0.3774669645104174 0.41691625944780647 -0.16529835476424232
89800.00226853887 0.00044825539666081216 -0.3743263520327786 0.4172155704802454 -0.16390261860136782
90000.0022735913 0.0004480258804100521 -0.37118288267542804 0.4175148452037988 -0.16250705692876932
90200.00227864372 0.00044780095720840205 -0.36804494858220044 0.41781286457960426 -0.16111519937158753
90400.00228369614 0.0004475787357423193 -0.36490360711603886 0.41810933011456775 -0.1597226119240488
90600.00228874857 0.000447361338706359 -0.3617615549440548 0.418405796205734 -0.15833116266418135
90800.002293801 0.0004471497704399545 -0.3586184529592964 0.41870327079909786 -0.1569410342346493
91000.00229885342 0.0004469428898151391 -0.3554759938754196 0.41900043676918175 -0.1555525015663281
91200.00230390584 0.00044673803833266616 -0.35233221632412404 0.41929512031904126 -0.1541637991551825
91400.00230895827 0.00044654311660965063 -0.34918809708278264 0.4195945980678721 -0.15277803593357564
91600.0023140107 0.0004463496335900652 -0.34605001344746805 0.419889948231833 -0.15139493644060237
91800.00231906312 0.00044616105319113415 -0.3429085135103061 0.42018588129770307 -0.15001170135257655
92000.00232411554 0.00044597491818357433 -0.3397675800500615 0.42047949056354794 -0.14862915482591235
92200.00232916797 0.00044579508582581615 -0.33662109659976186 0.420775328055809 -0.14724599093344848
92400.0023342204 0.00044562047746676977 -0.33347961927968717 0.4210708319245592 -0.14586625531654487
92600.00233927282 0.0004454503339625776 -0.33033728870784423 0.4213661679336273 -0.1444872054830535
92800.00234432524 0.0004452845826929548 -0.32719461658669113 0.4216612045315668 -0.14310900802195184
93000.00234937767 0.0004451235213560371 -0.32405499576757607 0.421955755187984 -0.14173316453158202
93200.0023544301 0.0004449660240510082 -0.32090989439544254 0.42224997582401036 -0.14035569271100146
93400.00235948252 0.000444813120879254 -0.31777141957451766 0.4225431503874504 -0.13898200806935526
93600.00236453494 0.00044466374552555463 -0.3146288991187066 0.42283577436521697 -0.13760724727201878
93800.00236958737 0.0004445227309839959 -0.31148696364444606 0.42313181091341046 -0.13623483018159455
94000.0023746398 0.00044438291775021263 -0.30834570934197264 0.423424451624384 -0.13486256469006486
94200.00237969222 0.0004442474624652512 -0.3052023385730199 0.42371708671204134 -0.13349021812505668
94400.00238474464 0.00044411672006836685 -0.30205861431806835 0.4240098254815021 -0.13211861692975072
94600.00238979707 0.00044399159900791995 -0.2989158345800923 0.424303377793573 -0.13074855097695748
94800.00239484949 0.0004438711846649336 -0.29577529418554094 0.4245967202510991 -0.1293802679231322
95000.00239990192 0.00044375448574927303 -0.29263415086185735 0.4248892891169018 -0.12801224791532867
95200.00240495434 0.00044364243307076106 -0.2894925920413561 0.4251819597269344 -0.12664481648969397
95400.00241000677 0.0004435330709959591 -0.2863518399420403 0.42547271305449097 -0.1252779131098426
95600.00241505919 0.000443429359092499 -0.28321009268466407 0.42576462374851487 -0.12391158811616447
95800.00242011162 0.00044332882527345395 -0.2800654637334091 0.4260555571934496 -0.12254431648558756
96000.00242516404 0.00044323562849447515 -0.27692290630407396 0.4263489092230094 -0.12117932980192005
96200.00243021647 0.00044314573810753824 -0.27378132336659416 0.4266409571224856 -0.1198150195446474
96400.00243526889 0.0004430603285248789 -0.27064180920349273 0.42693271422153634 -0.11845215169006265
96600.00244032132 0.000442977869554175 -0.26749491152686705 0.42722383005452474 -0.11708625858015193
96800.00244537374 0.0004429004940979134 -0.26435463554398514 0.42751471858383855 -0.11572386558682321
97000.00245042617 0.00044282867956126575 -0.2612108090044467 0.42780704260071145 -0.11436071765780098
97200.00245547859 0.0004427610422370798 -0.25807067132929207 0.42809864376405454 -0.11299952092925991
97400.00246053102 0.0004426968240524687 -0.25492918331293823 0.4283893746542013 -0.11163790444792845
97600.00246558344 0.0004426368649210573 -0.2517831656454627 0.42868040031686583 -0.1102746959701725
97800.00247063587 0.00044258284790346826 -0.2486461257551449 0.4289718707407509 -0.1089160748995528
98000.00247568829 0.0004425308097600567 -0.24550604891197528 0.42926128242472095 -0.10755588778851422
98200.00248074072 0.0004424838062762076 -0.24236148950513173 0.4295517456685539 -0.10619424000282879
98400.00248579314 0.00044244204657963016 -0.23921727983350577 0.42984294825439895 -0.1048332219171848
98600.00249084557 0.00044240573584183277 -0.23607383083013755 0.430135058288952 -0.10347302419719562
98800.00249589799 0.0004423714970530278 -0.23293327282814616 0.4304245854386017 -0.10211374860881794
99000.00250095042 0.0004423443125986393 -0.22979481944898605 0.43071647447553857 -0.10075618841403977
99200.00250600284 0.0004423175578726448 -0.22665158519466946 0.4310049760809464 -0.09939583792032414
99400.00251105527 0.0004422977769371472 -0.2235091720758681 0.4312959014209623 -0.09803656920262949
99600.00251610769 0.0004422840009535657 -0.22036265784258804 0.43158879648429477 -0.09667599623863055
99800.00252116012 0.00044227234050387624 -0.21722697649000686 0.43187843289427263 -0.09531968514196798
100000.00252621254 0.00044226452368136394 -0.21408474880435646 0.43216817808621655 -0.09396049572423472
