2.026567161083221436e-01
1.870379149913787842e-01
1.777615398168563843e-01
1.716230064630508423e-01
1.673844754695892334e-01
1.643231809139251709e-01
1.620563119649887085e-01
1.603313684463500977e-01
1.589964181184768677e-01
1.579438149929046631e-01
1.571034342050552368e-01
1.564232409000396729e-01
1.558673530817031860e-01
1.554082930088043213e-01
1.550262719392776489e-01
1.547057777643203735e-01
1.544352769851684570e-01
1.542054861783981323e-01
1.540093123912811279e-01
1.538410484790802002e-01
1.536961495876312256e-01
1.535709053277969360e-01
1.534623652696609497e-01
1.533680409193038940e-01
1.532859057188034058e-01
1.532142609357833862e-01
1.531517207622528076e-01
1.530970633029937744e-01
1.530493050813674927e-01
1.530076116323471069e-01
1.529712080955505371e-01
1.529394984245300293e-01
1.529119312763214111e-01
1.528880596160888672e-01
1.528674662113189697e-01
1.528497636318206787e-01
1.528347134590148926e-01
1.528219729661941528e-01
1.528113633394241333e-01
1.528026163578033447e-01
1.527955681085586548e-01
1.527900695800781250e-01
1.527859568595886230e-01
1.527831107378005981e-01
1.527813822031021118e-01
1.527806818485260010e-01
1.527809351682662964e-01
1.527820378541946411e-01
1.527839004993438721e-01
1.527864634990692139e-01
1.527896821498870850e-01
1.527934670448303223e-01
1.527977883815765381e-01
1.528025865554809570e-01
1.528078317642211914e-01
1.528134644031524658e-01
1.528194695711135864e-01
1.528258174657821655e-01
1.528324484825134277e-01
1.528393626213073730e-01
1.528465300798416138e-01
1.528539210557937622e-01
1.528615057468414307e-01
1.528692841529846191e-01
1.528772264719009399e-01
1.528853029012680054e-01
1.528935283422470093e-01
1.529018580913543701e-01
1.529103070497512817e-01
1.529188454151153564e-01
1.529274582862854004e-01
1.529361605644226074e-01
1.529449224472045898e-01
1.529537439346313477e-01
1.529626101255416870e-01
1.529714912176132202e-01
1.529804319143295288e-01
1.529894024133682251e-01
1.529983580112457275e-01
1.530073583126068115e-01
1.530163586139678955e-01
1.530253738164901733e-01
1.530343741178512573e-01
1.530433744192123413e-01
1.530523747205734253e-01
1.530613452196121216e-01
1.530703157186508179e-01
1.530792564153671265e-01
1.530881822109222412e-01
1.530970782041549683e-01
1.531059592962265015e-01
1.531147956848144531e-01
1.531236171722412109e-01
1.531323939561843872e-01
1.531411558389663696e-01
1.531498581171035767e-01
1.531585305929183960e-01
1.531671732664108276e-01
1.531757563352584839e-01
1.531843096017837524e-01
1.531928330659866333e-01
1.532012969255447388e-01
1.532097309827804565e-01
1.532181054353713989e-01
1.532264351844787598e-01
1.532347351312637329e-01
1.532429605722427368e-01
1.532511711120605469e-01
1.532593071460723877e-01
1.532673984766006470e-01
1.532754451036453247e-01
1.532834470272064209e-01
1.532913893461227417e-01
1.532993018627166748e-01
1.533071547746658325e-01
1.533149480819702148e-01
1.533226966857910156e-01
1.533303856849670410e-01
1.533380299806594849e-01
1.533456295728683472e-01
1.533531695604324341e-01
1.533606797456741333e-01
1.533681154251098633e-01
1.533755213022232056e-01
1.533828526735305786e-01
1.533901542425155640e-01
1.533973962068557739e-01
1.534045934677124023e-01
1.534117460250854492e-01
1.534188240766525269e-01
1.534258723258972168e-01
1.534328609704971313e-01
1.534398049116134644e-01
1.534467041492462158e-01
1.534535437822341919e-01
1.534603387117385864e-01
1.534671038389205933e-01
1.534737944602966309e-01
1.534804403781890869e-01
1.534870564937591553e-01
1.534936279058456421e-01
1.535001248121261597e-01
1.535066068172454834e-01
1.535130143165588379e-01
1.535193920135498047e-01
1.535257250070571899e-01
1.535319983959197998e-01
1.535382419824600220e-01
1.535444259643554688e-01
1.535505801439285278e-01
1.535566747188568115e-01
1.535627394914627075e-01
1.535687446594238281e-01
1.535747200250625610e-01
1.535806357860565186e-01
1.535865217447280884e-01
1.535923779010772705e-01
1.535981744527816772e-01
1.536039263010025024e-01
1.536096483469009399e-01
1.536153256893157959e-01
1.536209434270858765e-01
1.536265462636947632e-01
1.536321192979812622e-01
1.536376178264617920e-01
1.536430865526199341e-01
1.536485254764556885e-01
1.536539047956466675e-01
1.536592543125152588e-01
1.536645740270614624e-01
1.536698490381240845e-01
1.536750942468643188e-01
1.536802947521209717e-01
1.536854654550552368e-01
1.536905914545059204e-01
1.536956727504730225e-01
1.537007242441177368e-01
1.537057459354400635e-01
1.537107229232788086e-01
1.537156701087951660e-01
1.537205874919891357e-01
1.537254452705383301e-01
1.537303030490875244e-01
1.537351012229919434e-01
1.537398844957351685e-01
1.537446081638336182e-01
1.537493318319320679e-01
1.537539809942245483e-01
1.537586301565170288e-01
1.537632495164871216e-01
1.537678092718124390e-01
1.537723541259765625e-01
1.537768691778182983e-01
1.537813395261764526e-01
1.537857800722122192e-01
1.537901908159255981e-01
1.537945717573165894e-01
1.537989228963851929e-01
1.538032591342926025e-01
1.538075506687164307e-01
1.538118124008178711e-01
1.538160443305969238e-01
1.538202464580535889e-01
1.538244187831878662e-01
1.538285613059997559e-01
1.538326740264892578e-01
1.538367867469787598e-01
1.538408398628234863e-01
1.538448631763458252e-01
1.538488864898681641e-01
1.538528501987457275e-01
1.538567841053009033e-01
1.538607180118560791e-01
1.538646072149276733e-01
1.538684815168380737e-01
1.538723260164260864e-01
1.538761556148529053e-01
1.538799405097961426e-01
1.538837105035781860e-01
1.538874506950378418e-01
1.538911610841751099e-01
1.538948416709899902e-01
1.538985073566436768e-01
1.539021581411361694e-01
1.539057791233062744e-01
1.539093703031539917e-01
1.539129167795181274e-01
1.539164632558822632e-01
1.539199799299240112e-01
1.539234817028045654e-01
1.539269536733627319e-01
1.539304107427597046e-01
1.539338380098342896e-01
1.539372354745864868e-01
1.539406180381774902e-01
1.539439707994461060e-01
1.539473235607147217e-01
1.539506465196609497e-01
1.539539396762847900e-01
1.539572030305862427e-01
1.539604514837265015e-01
1.539636999368667603e-01
1.539669036865234375e-01
1.539700925350189209e-01
1.539732664823532104e-01
1.539764106273651123e-01
1.539795249700546265e-01
1.539826393127441406e-01
1.539857238531112671e-01
1.539887934923171997e-01
1.539918333292007446e-01
1.539948731660842896e-01
1.539978682994842529e-01
1.540008634328842163e-01
1.540038287639617920e-01
1.540067791938781738e-01
1.540096998214721680e-01
1.540126204490661621e-01
1.540155261754989624e-01
1.540183871984481812e-01
1.540212631225585938e-01
1.540241092443466187e-01
1.540269106626510620e-01
1.540297269821166992e-01
1.540325134992599487e-01
1.540353000164031982e-01
1.540380567312240601e-01
1.540407687425613403e-01
1.540434956550598145e-01
1.540462076663970947e-01
1.540488898754119873e-01
1.540515571832656860e-01
1.540542244911193848e-01
1.540568619966506958e-01
1.540594696998596191e-01
1.540620774030685425e-01
1.540646702051162720e-01
1.540672332048416138e-01
1.540697962045669556e-01
1.540723294019699097e-01
1.540748625993728638e-01
1.540773659944534302e-01
1.540798693895339966e-01
1.540823429822921753e-01
1.540848016738891602e-01
1.540872752666473389e-01
1.540897041559219360e-01
1.540921181440353394e-01
1.540945172309875488e-01
1.540969014167785645e-01
1.540992856025695801e-01
1.541016548871994019e-01
1.541039943695068359e-01
1.541063338518142700e-01
1.541086584329605103e-01
1.541109681129455566e-01
1.541132479906082153e-01
1.541155427694320679e-01
1.541178077459335327e-01
1.541200727224349976e-01
1.541223078966140747e-01
1.541245281696319580e-01
1.541267484426498413e-01
1.541289389133453369e-01
1.541311293840408325e-01
1.541333049535751343e-01
1.541354805231094360e-01
1.541376262903213501e-01
1.541397720575332642e-01
1.541418880224227905e-01
1.541440039873123169e-01
1.541460901498794556e-01
1.541481912136077881e-01
1.541502773761749268e-01
1.541523337364196777e-01
1.541543900966644287e-01
1.541564315557479858e-01
1.541584581136703491e-01
1.541604846715927124e-01
1.541624963283538818e-01
1.541644930839538574e-01
1.541664749383926392e-01
1.541684567928314209e-01
1.541704088449478149e-01
1.541723608970642090e-01
1.541743129491806030e-01
1.541762501001358032e-01
1.541781425476074219e-01
1.541800498962402344e-01
1.541819572448730469e-01
1.541838347911834717e-01
1.541857123374938965e-01
1.541875749826431274e-01
1.541894227266311646e-01
1.541912704706192017e-01
1.541931182146072388e-01
1.541949361562728882e-01
1.541967540979385376e-01
1.541985720396041870e-01
1.542003601789474487e-01
1.542021483182907104e-01
1.542039215564727783e-01
1.542056798934936523e-01
1.542074382305145264e-01
1.542091965675354004e-01
1.542109251022338867e-01
1.542126536369323730e-01
1.542143821716308594e-01
1.542160809040069580e-01
1.542177796363830566e-01
1.542194783687591553e-01
1.542211621999740601e-01
1.542228311300277710e-01
1.542245000600814819e-01
1.542261391878128052e-01
1.542277783155441284e-01
1.542294174432754517e-01
1.542310565710067749e-01
1.542326658964157104e-01
1.542342752218246460e-01
1.542358845472335815e-01
1.542374789714813232e-01
1.542390584945678711e-01
1.542406380176544189e-01
1.542422026395797729e-01
1.542437672615051270e-01
1.542453318834304810e-01
1.542468667030334473e-01
1.542484015226364136e-01
1.542499214410781860e-01
1.542514413595199585e-01
1.542529612779617310e-01
1.542544662952423096e-01
1.542559564113616943e-01
1.542574465274810791e-01
1.542589217424392700e-01
1.542603969573974609e-01
1.542618572711944580e-01
1.542633175849914551e-01
1.542647778987884521e-01
1.542662084102630615e-01
1.542676538228988647e-01
1.542690843343734741e-01
1.542704850435256958e-01
1.542719155550003052e-01
1.542733162641525269e-01
1.542747169733047485e-01
1.542761176824569702e-01
1.542774885892868042e-01
1.542788743972778320e-01
1.542802453041076660e-01
1.542816162109375000e-01
1.542829722166061401e-01
1.542843133211135864e-01
1.542856693267822266e-01
1.542869955301284790e-01
1.542883366346359253e-01
1.542896479368209839e-01
1.542909741401672363e-01
1.542922854423522949e-01
1.542935818433761597e-01
1.542948782444000244e-01
1.542961746454238892e-01
1.542974561452865601e-01
1.542987376451492310e-01
1.543000042438507080e-01
1.543012857437133789e-01
1.543025374412536621e-01
1.543037891387939453e-01
1.543050259351730347e-01
1.543062776327133179e-01
1.543075144290924072e-01
1.543087363243103027e-01
1.543099582195281982e-01
1.543111801147460938e-01
1.543123871088027954e-01
1.543135792016983032e-01
1.543147861957550049e-01
1.543159931898117065e-01
1.543171703815460205e-01
1.543183624744415283e-01
1.543195396661758423e-01
1.543207019567489624e-01
1.543218642473220825e-01
1.543230265378952026e-01
1.543241739273071289e-01
1.543253362178802490e-01
1.543264836072921753e-01
1.543276011943817139e-01
1.543287336826324463e-01
1.543298661708831787e-01
1.543309837579727173e-01
1.543321013450622559e-01
1.543332189321517944e-01
1.543343067169189453e-01
1.543354094028472900e-01
1.543365120887756348e-01
1.543376147747039795e-01
1.543386876583099365e-01
1.543397605419158936e-01
1.543408334255218506e-01
1.543419063091278076e-01
1.543429642915725708e-01
1.543440222740173340e-01
1.543450802564620972e-01
1.543461233377456665e-01
1.543471664190292358e-01
1.543481945991516113e-01
1.543492376804351807e-01
1.543502658605575562e-01
1.543512940406799316e-01
1.543523073196411133e-01
1.543533056974411011e-01
1.543543338775634766e-01
1.543553322553634644e-01
1.543563455343246460e-01
1.543573439121246338e-01
1.543583422899246216e-01
1.543593257665634155e-01
1.543603092432022095e-01
1.543612778186798096e-01
1.543622612953186035e-01
1.543632298707962036e-01
1.543641984462738037e-01
1.543651521205902100e-01
1.543661206960678101e-01
1.543670743703842163e-01
1.543680131435394287e-01
1.543689519166946411e-01
1.543698906898498535e-01
1.543708294630050659e-01
1.543717682361602783e-01
1.543726921081542969e-01
1.543736159801483154e-01
1.543745398521423340e-01
1.543754637241363525e-01
1.543763726949691772e-01
1.543772816658020020e-01
1.543781757354736328e-01
1.543790698051452637e-01
1.543799787759780884e-01
1.543808579444885254e-01
1.543817520141601562e-01
1.543826311826705933e-01
1.543835103511810303e-01
1.543843895196914673e-01
1.543852537870407104e-01
1.543861329555511475e-01
1.543869823217391968e-01
1.543878465890884399e-01
1.543887108564376831e-01
1.543895602226257324e-01
1.543904095888137817e-01
1.543912440538406372e-01
1.543920785188674927e-01
1.543929278850555420e-01
1.543937474489212036e-01
1.543945819139480591e-01
1.543954163789749146e-01
1.543962359428405762e-01
1.543970555067062378e-01
1.543978750705718994e-01
1.543986797332763672e-01
1.543994843959808350e-01
1.544002890586853027e-01
1.544010937213897705e-01
1.544018834829330444e-01
1.544026732444763184e-01
1.544034630060195923e-01
1.544042676687240601e-01
1.544050574302673340e-01
1.544058322906494141e-01
1.544066071510314941e-01
1.544073820114135742e-01
1.544081568717956543e-01
1.544089168310165405e-01
1.544096767902374268e-01
1.544104367494583130e-01
1.544111967086791992e-01
1.544119715690612793e-01
1.544127166271209717e-01
1.544134616851806641e-01
1.544142067432403564e-01
1.544149518013000488e-01
1.544156819581985474e-01
1.544164121150970459e-01
1.544171571731567383e-01
1.544178873300552368e-01
1.544186174869537354e-01
1.544193327426910400e-01
1.544200479984283447e-01
1.544207781553268433e-01
1.544214934110641479e-01
1.544222086668014526e-01
1.544229239225387573e-01
1.544236242771148682e-01
1.544243246316909790e-01
1.544250249862670898e-01
1.544257253408432007e-01
1.544264107942581177e-01
1.544271111488342285e-01
1.544277966022491455e-01
1.544284820556640625e-01
1.544291675090789795e-01
1.544298529624938965e-01
1.544305235147476196e-01
1.544311940670013428e-01
1.544318795204162598e-01
1.544325500726699829e-01
1.544332057237625122e-01
1.544338762760162354e-01
1.544345319271087646e-01
1.544352024793624878e-01
1.544358432292938232e-01
1.544364988803863525e-01
1.544371545314788818e-01
1.544378101825714111e-01
1.544384509325027466e-01
1.544390916824340820e-01
1.544397324323654175e-01
1.544403731822967529e-01
1.544409990310668945e-01
1.544416397809982300e-01
1.544422805309295654e-01
1.544429063796997070e-01
1.544435173273086548e-01
1.544441431760787964e-01
1.544447839260101318e-01
1.544453948736190796e-01
1.544460058212280273e-01
1.544466167688369751e-01
1.544472426176071167e-01
1.544478386640548706e-01
1.544484347105026245e-01
1.544490605592727661e-01
1.544496566057205200e-01
1.544502526521682739e-01
1.544508486986160278e-01
1.544514447450637817e-01
1.544520407915115356e-01
1.544526368379592896e-01
1.544532179832458496e-01
1.544537991285324097e-01
1.544543802738189697e-01
1.544549614191055298e-01
1.544555276632308960e-01
1.544561088085174561e-01
1.544566899538040161e-01
1.544572561979293823e-01
1.544578224420547485e-01
1.544583886861801147e-01
1.544589549303054810e-01
1.544595211744308472e-01
1.544600725173950195e-01
1.544606238603591919e-01
1.544611901044845581e-01
1.544617414474487305e-01
1.544622927904129028e-01
1.544628441333770752e-01
1.544633805751800537e-01
1.544639319181442261e-01
1.544644832611083984e-01
1.544650197029113770e-01
1.544655561447143555e-01
1.544660925865173340e-01
1.544666290283203125e-01
1.544671654701232910e-01
1.544676870107650757e-01
1.544682085514068604e-01
1.544687449932098389e-01
1.544692665338516235e-01
1.544698029756546021e-01
1.544703245162963867e-01
1.544708311557769775e-01
1.544713526964187622e-01
1.544718742370605469e-01
1.544723957777023315e-01
1.544729024171829224e-01
1.544733941555023193e-01
1.544739156961441040e-01
1.544744223356246948e-01
1.544749289751052856e-01
1.544754207134246826e-01
1.544759273529052734e-01
1.544764190912246704e-01
1.544769108295440674e-01
1.544774174690246582e-01
1.544779092073440552e-01
1.544784009456634521e-01
1.544788777828216553e-01
1.544793844223022461e-01
1.544798612594604492e-01
1.544803380966186523e-01
1.544808298349380493e-01
1.544813066720962524e-01
1.544817835092544556e-01
1.544822603464126587e-01
1.544827520847320557e-01
1.544832140207290649e-01
1.544836908578872681e-01
1.544841527938842773e-01
1.544846147298812866e-01
1.544850915670394897e-01
1.544855535030364990e-01
1.544860154390335083e-01
1.544864624738693237e-01
1.544869393110275269e-01
1.544873863458633423e-01
1.544878482818603516e-01
1.544883102178573608e-01
1.544887572526931763e-01
1.544892042875289917e-01
1.544896662235260010e-01
1.544900983572006226e-01
1.544905602931976318e-01
1.544910073280334473e-01
1.544914543628692627e-01
1.544918864965438843e-01
1.544923335313796997e-01
1.544927656650543213e-01
1.544932126998901367e-01
1.544936448335647583e-01
1.544940769672393799e-01
1.544944941997528076e-01
1.544949412345886230e-01
1.544953584671020508e-01
1.544957906007766724e-01
1.544962227344512939e-01
1.544966399669647217e-01
1.544970571994781494e-01
1.544974893331527710e-01
1.544978916645050049e-01
1.544983237981796265e-01
1.544987410306930542e-01
1.544991582632064819e-01
1.544995605945587158e-01
1.544999778270721436e-01
1.545003801584243774e-01
1.545007973909378052e-01
1.545011997222900391e-01
1.545016169548034668e-01
1.545020192861557007e-01
1.545024216175079346e-01
1.545028090476989746e-01
1.545032262802124023e-01
1.545036137104034424e-01
1.545040160417556763e-01
1.545044332742691040e-01
1.545048058032989502e-01
1.545052081346511841e-01
1.545055955648422241e-01
1.545059829950332642e-01
1.545063704252243042e-01
1.545067727565765381e-01
1.545071452856063843e-01
1.545075476169586182e-01
1.545079201459884644e-01
1.545083075761795044e-01
1.545086950063705444e-01
1.545090675354003906e-01
1.545094549655914307e-01
1.545098274946212769e-01
1.545102149248123169e-01
1.545105725526809692e-01
1.545109599828720093e-01
1.545113325119018555e-01
1.545116901397705078e-01
1.545120775699615479e-01
1.545124351978302002e-01
1.545128077268600464e-01
1.545131802558898926e-01
1.545135378837585449e-01
1.545139104127883911e-01
1.545142680406570435e-01
1.545146256685256958e-01
1.545149832963943481e-01
1.545153558254241943e-01
1.545156985521316528e-01
1.545160710811614990e-01
1.545164287090301514e-01
1.545167714357376099e-01
1.545171290636062622e-01
1.545174717903137207e-01
1.545178294181823730e-01
1.545181870460510254e-01
1.545185297727584839e-01
1.545188874006271362e-01
1.545192152261734009e-01
1.545195728540420532e-01
1.545199155807495117e-01
1.545202434062957764e-01
1.545206010341644287e-01
1.545209288597106934e-01
1.545212715864181519e-01
1.545216292142868042e-01
1.545219570398330688e-01
1.545222997665405273e-01
1.545226126909255981e-01
1.545229554176330566e-01
1.545232981443405151e-01
1.545236110687255859e-01
1.545239537954330444e-01
1.545242965221405029e-01
1.545246094465255737e-01
1.545249372720718384e-01
1.545252501964569092e-01
1.545255780220031738e-01
1.545259058475494385e-01
1.545262187719345093e-01
1.545265465974807739e-01
1.545268744230270386e-01
1.545271873474121094e-01
1.545275151729583740e-01
1.545278280973434448e-01
1.545281559228897095e-01
1.545284688472747803e-01
1.545287668704986572e-01
1.545290946960449219e-01
1.545294076204299927e-01
1.545297056436538696e-01
1.545300334692001343e-01
1.545303463935852051e-01
1.545306444168090820e-01
1.545309573411941528e-01
1.545312553644180298e-01
1.545315533876419067e-01
1.545318663120269775e-01
1.545321643352508545e-01
1.545324623584747314e-01
1.545327752828598022e-01
1.545330733060836792e-01
1.545333713293075562e-01
1.545336842536926270e-01
1.545339673757553101e-01
1.545342653989791870e-01
1.545345634222030640e-01
1.545348465442657471e-01
1.545351445674896240e-01
1.545354425907135010e-01
1.545357257127761841e-01
1.545360237360000610e-01
1.545363217592239380e-01
1.545366048812866211e-01
1.545369029045104980e-01
1.545371860265731812e-01
1.545374691486358643e-01
1.545377522706985474e-01
1.545380353927612305e-01
1.545383185148239136e-01
1.545386016368865967e-01
1.545388847589492798e-01
1.545391678810119629e-01
1.545394510030746460e-01
1.545397341251373291e-01
1.545400172472000122e-01
1.545402854681015015e-01
1.545405685901641846e-01
1.545408368110656738e-01
1.545411050319671631e-01
1.545413881540298462e-01
1.545416563749313354e-01
1.545419245958328247e-01
1.545422077178955078e-01
1.545424759387969971e-01
1.545427441596984863e-01
1.545430272817611694e-01
1.545432955026626587e-01
1.545435488224029541e-01
1.545438170433044434e-01
1.545440852642059326e-01
1.545443385839462280e-01
1.545446068048477173e-01
1.545448750257492065e-01
1.545451283454895020e-01
1.545453965663909912e-01
1.545456647872924805e-01
1.545459181070327759e-01
1.545461863279342651e-01
1.545464396476745605e-01
1.545467078685760498e-01
1.545469462871551514e-01
1.545471996068954468e-01
1.545474678277969360e-01
1.545477062463760376e-01
1.545479595661163330e-01
1.545482277870178223e-01
1.545484811067581177e-01
1.545487195253372192e-01
1.545489877462387085e-01
1.545492410659790039e-01
1.545494794845581055e-01
1.545497328042984009e-01
1.545499861240386963e-01
1.545502245426177979e-01
1.545504629611968994e-01
1.545507162809371948e-01
1.545509546995162964e-01
1.545511931180953979e-01
1.545514464378356934e-01
1.545516848564147949e-01
1.545519381761550903e-01
1.545521765947341919e-01
1.545524150133132935e-01
1.545526683330535889e-01
1.545528918504714966e-01
1.545531302690505981e-01
1.545533686876296997e-01
1.545536071062088013e-01
1.545538306236267090e-01
1.545540690422058105e-01
1.545543074607849121e-01
1.545545458793640137e-01
1.545547693967819214e-01
1.545550078153610229e-01
1.545552462339401245e-01
1.545554697513580322e-01
1.545557081699371338e-01
1.545559465885162354e-01
1.545561701059341431e-01
1.545563936233520508e-01
1.545566171407699585e-01
1.545568406581878662e-01
1.545570790767669678e-01
1.545572876930236816e-01
1.545575112104415894e-01
1.545577496290206909e-01
1.545579731464385986e-01
1.545581817626953125e-01
1.545584201812744141e-01
1.545586436986923218e-01
1.545588672161102295e-01
1.545590907335281372e-01
1.545593142509460449e-01
1.545595377683639526e-01
1.545597314834594727e-01
1.545599550008773804e-01
1.545601785182952881e-01
1.545603871345520020e-01
1.545605957508087158e-01
1.545608192682266235e-01
1.545610278844833374e-01
1.545612514019012451e-01
1.545614600181579590e-01
1.545616686344146729e-01
1.545618921518325806e-01
1.545621156692504883e-01
1.545623242855072021e-01
1.545625329017639160e-01
1.545627415180206299e-01
1.545629501342773438e-01
1.545631587505340576e-01
1.545633524656295776e-01
1.545635610818862915e-01
1.545637696981430054e-01
1.545639783143997192e-01
1.545641720294952393e-01
1.545643806457519531e-01
1.545645892620086670e-01
1.545647978782653809e-01
1.545649915933609009e-01
1.545652002096176147e-01
1.545654088258743286e-01
1.545656174421310425e-01
1.545658111572265625e-01
1.545660197734832764e-01
1.545662134885787964e-01
1.545664221048355103e-01
1.545666158199310303e-01
1.545667946338653564e-01
1.545670032501220703e-01
1.545671969652175903e-01
1.545673906803131104e-01
1.545675843954086304e-01
1.545677781105041504e-01
1.545679718255996704e-01
1.545681804418563843e-01
1.545683741569519043e-01
1.545685529708862305e-01
1.545687615871429443e-01
1.545689553022384644e-01
1.545691490173339844e-01
1.545693427324295044e-01
1.545695364475250244e-01
1.545697301626205444e-01
1.545699089765548706e-01
1.545701026916503906e-01
1.545702815055847168e-01
1.545704603195190430e-01
1.545706540346145630e-01
1.545708477497100830e-01
1.545710116624832153e-01
1.545712053775787354e-01
1.545713990926742554e-01
1.545715779066085815e-01
1.545717716217041016e-01
1.545719504356384277e-01
1.545721292495727539e-01
1.545723229646682739e-01
1.545725166797637939e-01
1.545726954936981201e-01
1.545728743076324463e-01
1.545730680227279663e-01
1.545732468366622925e-01
1.545734256505966187e-01
1.545735895633697510e-01
1.545737683773040771e-01
1.545739471912384033e-01
1.545741260051727295e-01
1.545743048191070557e-01
1.545744687318801880e-01
1.545746475458145142e-01
1.545748263597488403e-01
1.545750051736831665e-01
1.545751839876174927e-01
1.545753479003906250e-01
1.545755267143249512e-01
1.545757055282592773e-01
1.545758843421936035e-01
1.545760631561279297e-01
1.545762270689010620e-01
1.545764058828353882e-01
1.545765846967697144e-01
1.545767486095428467e-01
1.545769125223159790e-01
1.545770764350891113e-01
1.545772403478622437e-01
1.545774042606353760e-01
1.545775830745697021e-01
1.545777469873428345e-01
1.545778959989547729e-01
1.545780748128890991e-01
1.545782387256622314e-01
1.545784026384353638e-01
1.545785814523696899e-01
1.545787453651428223e-01
1.545788943767547607e-01
1.545790731906890869e-01
1.545792371034622192e-01
1.545794010162353516e-01
1.545795798301696777e-01
1.545797288417816162e-01
1.545798927545547485e-01
1.545800715684890747e-01
1.545802354812622070e-01
1.545803993940353394e-01
1.545805335044860840e-01
1.545806974172592163e-01
1.545808613300323486e-01
1.545810103416442871e-01
1.545811742544174194e-01
1.545813232660293579e-01
1.545814722776412964e-01
1.545816361904144287e-01
1.545818001031875610e-01
1.545819491147994995e-01
1.545821130275726318e-01
1.545822620391845703e-01
1.545824110507965088e-01
1.545825749635696411e-01
1.545827388763427734e-01
