5.239180820480000000e+11
-2.014197964800000000e+10
-1.195388825600000000e+10
-7.887516160000000000e+09
-5.429889536000000000e+09
-3.912313344000000000e+09
-2.891881216000000000e+09
-2.198266112000000000e+09
-1.700578816000000000e+09
-1.341219584000000000e+09
-1.071646336000000000e+09
-8.684965760000000000e+08
-7.109998720000000000e+08
-5.883989120000000000e+08
-4.908647680000000000e+08
-4.129617600000000000e+08
-3.496708480000000000e+08
-2.980437760000000000e+08
-2.553577440000000000e+08
-2.199215680000000000e+08
-1.901822720000000000e+08
-1.651248480000000000e+08
-1.438247040000000000e+08
-1.256491280000000000e+08
-1.100268880000000000e+08
-9.655060000000000000e+07
-8.485548800000000000e+07
-7.467188000000000000e+07
-6.575990400000000000e+07
-5.793656000000000000e+07
-5.103991600000000000e+07
-4.494301600000000000e+07
-3.953394400000000000e+07
-3.472286800000000000e+07
-3.043074200000000000e+07
-2.659286200000000000e+07
-2.315232000000000000e+07
-2.006173800000000000e+07
-1.727942000000000000e+07
-1.477015700000000000e+07
-1.250291100000000000e+07
-1.045115600000000000e+07
-8.591457000000000000e+06
-6.903572000000000000e+06
-5.369580000000000000e+06
-3.973859000000000000e+06
-2.702533250000000000e+06
-1.543420750000000000e+06
-4.856659375000000000e+05
4.803271875000000000e+05
1.363133500000000000e+06
2.170381250000000000e+06
2.908906000000000000e+06
3.584819250000000000e+06
4.203616000000000000e+06
4.770231500000000000e+06
5.289117000000000000e+06
5.764285000000000000e+06
6.199366000000000000e+06
6.597644000000000000e+06
6.962100000000000000e+06
7.295441000000000000e+06
7.600126500000000000e+06
7.878397000000000000e+06
8.132299000000000000e+06
8.363698000000000000e+06
8.574300000000000000e+06
8.765668000000000000e+06
8.939231000000000000e+06
9.096306000000000000e+06
9.238099000000000000e+06
9.365717000000000000e+06
9.480183000000000000e+06
9.582439000000000000e+06
9.673350000000000000e+06
9.753717000000000000e+06
9.824283000000000000e+06
9.885732000000000000e+06
9.938693000000000000e+06
9.983758000000000000e+06
1.002146900000000000e+07
1.005233000000000000e+07
1.007681100000000000e+07
1.009534500000000000e+07
1.010834200000000000e+07
1.011617600000000000e+07
1.011919500000000000e+07
1.011772900000000000e+07
1.011208000000000000e+07
1.010253700000000000e+07
1.008936200000000000e+07
1.007280300000000000e+07
1.005309100000000000e+07
1.003044400000000000e+07
1.000506300000000000e+07
9.977139000000000000e+06
9.946849000000000000e+06
9.914357000000000000e+06
9.879821000000000000e+06
9.843386000000000000e+06
9.805190000000000000e+06
9.765359000000000000e+06
9.724016000000000000e+06
9.681272000000000000e+06
9.637234000000000000e+06
9.592002000000000000e+06
9.545671000000000000e+06
9.498328000000000000e+06
9.450055000000000000e+06
9.400929000000000000e+06
9.351027000000000000e+06
9.300417000000000000e+06
9.249160000000000000e+06
9.197320000000000000e+06
9.144954000000000000e+06
9.092117000000000000e+06
9.038858000000000000e+06
8.985227000000000000e+06
8.931267000000000000e+06
8.877021000000000000e+06
8.822531000000000000e+06
8.767832000000000000e+06
8.712961000000000000e+06
8.657950000000000000e+06
8.602833000000000000e+06
8.547637000000000000e+06
8.492391000000000000e+06
8.437119000000000000e+06
8.381848000000000000e+06
8.326601500000000000e+06
8.271400000000000000e+06
8.216264500000000000e+06
8.161212500000000000e+06
8.106264500000000000e+06
8.051438000000000000e+06
7.996745500000000000e+06
7.942204500000000000e+06
7.887828500000000000e+06
7.833631500000000000e+06
7.779624000000000000e+06
7.725818000000000000e+06
7.672226000000000000e+06
7.618856000000000000e+06
7.565718500000000000e+06
7.512821500000000000e+06
7.460173500000000000e+06
7.407782500000000000e+06
7.355655500000000000e+06
7.303797000000000000e+06
7.252216500000000000e+06
7.200917000000000000e+06
7.149905000000000000e+06
7.099184500000000000e+06
7.048760500000000000e+06
6.998636500000000000e+06
6.948817000000000000e+06
6.899302000000000000e+06
6.850100000000000000e+06
6.801209500000000000e+06
6.752634000000000000e+06
6.704376500000000000e+06
6.656439000000000000e+06
6.608820500000000000e+06
6.561525500000000000e+06
6.514554000000000000e+06
6.467906000000000000e+06
6.421585500000000000e+06
6.375589500000000000e+06
6.329920500000000000e+06
6.284579500000000000e+06
6.239563500000000000e+06
6.194876000000000000e+06
6.150515000000000000e+06
6.106480000000000000e+06
6.062771500000000000e+06
6.019389500000000000e+06
5.976332000000000000e+06
5.933599000000000000e+06
5.891190000000000000e+06
5.849103500000000000e+06
5.807338000000000000e+06
5.765894000000000000e+06
5.724769500000000000e+06
5.683963000000000000e+06
5.643473500000000000e+06
5.603299500000000000e+06
5.563441000000000000e+06
5.523894000000000000e+06
5.484657500000000000e+06
5.445732500000000000e+06
5.407114500000000000e+06
5.368803500000000000e+06
5.330797500000000000e+06
5.293094000000000000e+06
5.255691500000000000e+06
5.218589500000000000e+06
5.181785000000000000e+06
5.145275500000000000e+06
5.109060000000000000e+06
5.073137000000000000e+06
5.037504000000000000e+06
5.002159500000000000e+06
4.967101000000000000e+06
4.932326500000000000e+06
4.897834000000000000e+06
4.863623000000000000e+06
4.829689500000000000e+06
4.796032500000000000e+06
4.762649000000000000e+06
4.729539000000000000e+06
4.696698500000000000e+06
4.664125500000000000e+06
4.631820000000000000e+06
4.599777500000000000e+06
4.567998000000000000e+06
4.536478500000000000e+06
4.505216500000000000e+06
4.474210500000000000e+06
4.443459000000000000e+06
4.412958500000000000e+06
4.382708500000000000e+06
4.352706000000000000e+06
4.322949500000000000e+06
4.293437000000000000e+06
4.264166000000000000e+06
4.235134000000000000e+06
4.206341000000000000e+06
4.177783750000000000e+06
4.149459250000000000e+06
4.121367500000000000e+06
4.093505000000000000e+06
4.065870750000000000e+06
4.038463000000000000e+06
4.011278500000000000e+06
3.984316500000000000e+06
3.957574750000000000e+06
3.931051000000000000e+06
3.904744250000000000e+06
3.878651500000000000e+06
3.852772000000000000e+06
3.827102750000000000e+06
3.801642750000000000e+06
3.776390000000000000e+06
3.751342750000000000e+06
3.726499000000000000e+06
3.701856750000000000e+06
3.677414250000000000e+06
3.653170250000000000e+06
3.629122500000000000e+06
3.605269750000000000e+06
3.581609750000000000e+06
3.558141000000000000e+06
3.534861500000000000e+06
3.511770250000000000e+06
3.488865000000000000e+06
3.466144500000000000e+06
3.443606250000000000e+06
3.421249750000000000e+06
3.399073000000000000e+06
3.377073500000000000e+06
3.355250500000000000e+06
3.333602500000000000e+06
3.312127750000000000e+06
3.290824750000000000e+06
3.269691000000000000e+06
3.248726750000000000e+06
3.227929250000000000e+06
3.207297000000000000e+06
3.186829000000000000e+06
3.166524000000000000e+06
3.146379500000000000e+06
3.126395000000000000e+06
3.106568250000000000e+06
3.086898250000000000e+06
3.067384250000000000e+06
3.048023750000000000e+06
3.028815750000000000e+06
3.009759000000000000e+06
2.990852000000000000e+06
2.972093500000000000e+06
2.953482000000000000e+06
2.935016500000000000e+06
2.916695000000000000e+06
2.898517000000000000e+06
2.880481000000000000e+06
2.862585000000000000e+06
2.844828750000000000e+06
2.827210250000000000e+06
2.809729000000000000e+06
2.792382750000000000e+06
2.775171000000000000e+06
2.758092750000000000e+06
2.741145750000000000e+06
2.724330000000000000e+06
2.707643750000000000e+06
2.691085750000000000e+06
2.674655000000000000e+06
2.658350750000000000e+06
2.642170750000000000e+06
2.626115250000000000e+06
2.610182000000000000e+06
2.594370000000000000e+06
2.578679250000000000e+06
2.563107750000000000e+06
2.547655000000000000e+06
2.532319000000000000e+06
2.517099500000000000e+06
2.501995000000000000e+06
2.487005250000000000e+06
2.472128500000000000e+06
2.457363500000000000e+06
2.442710000000000000e+06
2.428166750000000000e+06
2.413732500000000000e+06
2.399406500000000000e+06
2.385187750000000000e+06
2.371075250000000000e+06
2.357068500000000000e+06
2.343166000000000000e+06
2.329367000000000000e+06
2.315670750000000000e+06
2.302076000000000000e+06
2.288582000000000000e+06
2.275188250000000000e+06
2.261893000000000000e+06
2.248696750000000000e+06
2.235597000000000000e+06
2.222594250000000000e+06
2.209686500000000000e+06
2.196873750000000000e+06
2.184155000000000000e+06
2.171529250000000000e+06
2.158996000000000000e+06
2.146554250000000000e+06
2.134203000000000000e+06
2.121941750000000000e+06
2.109769250000000000e+06
2.097685250000000000e+06
2.085689000000000000e+06
2.073779625000000000e+06
2.061956250000000000e+06
2.050218000000000000e+06
2.038564375000000000e+06
2.026994750000000000e+06
2.015508250000000000e+06
2.004104125000000000e+06
1.992781500000000000e+06
1.981540125000000000e+06
1.970378625000000000e+06
1.959297000000000000e+06
1.948294500000000000e+06
1.937369750000000000e+06
1.926522750000000000e+06
1.915753000000000000e+06
1.905059250000000000e+06
1.894441250000000000e+06
1.883898000000000000e+06
1.873429000000000000e+06
1.863034000000000000e+06
1.852711750000000000e+06
1.842462250000000000e+06
1.832284375000000000e+06
1.822177875000000000e+06
1.812141875000000000e+06
1.802175875000000000e+06
1.792279500000000000e+06
1.782451875000000000e+06
1.772692375000000000e+06
1.763000875000000000e+06
1.753376250000000000e+06
1.743818375000000000e+06
1.734326375000000000e+06
1.724899750000000000e+06
1.715538375000000000e+06
1.706241125000000000e+06
1.697008000000000000e+06
1.687838000000000000e+06
1.678730750000000000e+06
1.669686000000000000e+06
1.660702500000000000e+06
1.651780625000000000e+06
1.642919375000000000e+06
1.634118500000000000e+06
1.625377250000000000e+06
1.616695250000000000e+06
1.608072125000000000e+06
1.599507125000000000e+06
1.591000000000000000e+06
1.582549875000000000e+06
1.574156875000000000e+06
1.565820375000000000e+06
1.557539750000000000e+06
1.549314500000000000e+06
1.541144375000000000e+06
1.533028875000000000e+06
1.524967375000000000e+06
1.516959750000000000e+06
1.509005375000000000e+06
1.501103750000000000e+06
1.493254500000000000e+06
1.485457250000000000e+06
1.477711625000000000e+06
1.470017000000000000e+06
1.462373250000000000e+06
1.454779750000000000e+06
1.447236375000000000e+06
1.439742500000000000e+06
1.432297625000000000e+06
1.424901625000000000e+06
1.417553875000000000e+06
1.410254000000000000e+06
1.403002000000000000e+06
1.395797000000000000e+06
1.388639000000000000e+06
1.381527500000000000e+06
1.374462000000000000e+06
1.367442250000000000e+06
1.360468000000000000e+06
1.353538625000000000e+06
1.346653875000000000e+06
1.339813500000000000e+06
1.333017000000000000e+06
1.326264375000000000e+06
1.319555000000000000e+06
1.312888500000000000e+06
1.306264500000000000e+06
1.299683000000000000e+06
1.293143375000000000e+06
1.286645250000000000e+06
1.280188625000000000e+06
1.273772875000000000e+06
1.267397875000000000e+06
1.261063250000000000e+06
1.254768500000000000e+06
1.248513500000000000e+06
1.242298250000000000e+06
1.236121875000000000e+06
1.229984250000000000e+06
1.223885250000000000e+06
1.217824625000000000e+06
1.211801875000000000e+06
1.205816625000000000e+06
1.199868875000000000e+06
1.193958250000000000e+06
1.188084250000000000e+06
1.182247000000000000e+06
1.176446000000000000e+06
1.170680625000000000e+06
1.164951500000000000e+06
1.159257375000000000e+06
1.153598500000000000e+06
1.147974500000000000e+06
1.142385375000000000e+06
1.136830250000000000e+06
1.131309625000000000e+06
1.125822625000000000e+06
1.120369375000000000e+06
1.114949375000000000e+06
1.109562500000000000e+06
1.104208500000000000e+06
1.098887250000000000e+06
1.093598250000000000e+06
1.088341500000000000e+06
1.083116375000000000e+06
1.077923125000000000e+06
1.072761250000000000e+06
1.067630750000000000e+06
1.062531125000000000e+06
1.057462125000000000e+06
1.052423750000000000e+06
1.047415625000000000e+06
1.042437562500000000e+06
1.037489437500000000e+06
1.032570812500000000e+06
1.027681687500000000e+06
1.022821750000000000e+06
1.017990937500000000e+06
1.013188750000000000e+06
1.008415000000000000e+06
1.003669875000000000e+06
9.989528125000000000e+05
9.942637500000000000e+05
9.896023750000000000e+05
9.849685625000000000e+05
9.803621875000000000e+05
9.757830000000000000e+05
9.712305000000000000e+05
9.667050000000000000e+05
9.622060000000000000e+05
9.577335000000000000e+05
9.532870625000000000e+05
9.488666875000000000e+05
9.444721875000000000e+05
9.401031875000000000e+05
9.357598125000000000e+05
9.314416875000000000e+05
9.271486875000000000e+05
9.228805000000000000e+05
9.186370000000000000e+05
9.144183125000000000e+05
9.102238750000000000e+05
9.060536250000000000e+05
9.019075625000000000e+05
8.977853750000000000e+05
8.936868750000000000e+05
8.896119375000000000e+05
8.855603750000000000e+05
8.815319375000000000e+05
8.775268125000000000e+05
8.735443125000000000e+05
8.695848125000000000e+05
8.656477500000000000e+05
8.617331875000000000e+05
8.578409375000000000e+05
8.539706875000000000e+05
8.501225000000000000e+05
8.462960000000000000e+05
8.424913750000000000e+05
8.387081875000000000e+05
8.349463125000000000e+05
8.312057500000000000e+05
8.274861250000000000e+05
8.237875000000000000e+05
8.201096875000000000e+05
8.164525625000000000e+05
8.128158125000000000e+05
8.091995625000000000e+05
8.056036250000000000e+05
8.020275000000000000e+05
7.984715000000000000e+05
7.949353125000000000e+05
7.914188125000000000e+05
7.879219375000000000e+05
7.844443125000000000e+05
7.809861250000000000e+05
7.775470000000000000e+05
7.741269375000000000e+05
7.707258125000000000e+05
7.673433125000000000e+05
7.639796875000000000e+05
7.606344375000000000e+05
7.573076250000000000e+05
7.539991250000000000e+05
7.507088125000000000e+05
7.474365000000000000e+05
7.441820625000000000e+05
7.409454375000000000e+05
7.377265000000000000e+05
7.345251250000000000e+05
7.313411875000000000e+05
7.281746250000000000e+05
7.250253125000000000e+05
7.218930000000000000e+05
7.187776875000000000e+05
7.156792500000000000e+05
7.125976250000000000e+05
7.095326875000000000e+05
7.064843125000000000e+05
7.034523125000000000e+05
7.004366250000000000e+05
6.974371875000000000e+05
6.944540000000000000e+05
6.914866875000000000e+05
6.885353125000000000e+05
6.855997500000000000e+05
6.826798750000000000e+05
6.797755625000000000e+05
6.768868125000000000e+05
6.740135000000000000e+05
6.711554375000000000e+05
6.683126250000000000e+05
6.654848750000000000e+05
6.626721250000000000e+05
6.598743125000000000e+05
6.570913750000000000e+05
6.543231250000000000e+05
6.515695000000000000e+05
6.488303125000000000e+05
6.461056875000000000e+05
6.433954375000000000e+05
6.406994375000000000e+05
6.380174375000000000e+05
6.353496875000000000e+05
6.326958750000000000e+05
6.300558750000000000e+05
6.274298125000000000e+05
6.248174375000000000e+05
6.222187500000000000e+05
6.196335000000000000e+05
6.170618750000000000e+05
6.145035000000000000e+05
6.119584375000000000e+05
6.094266250000000000e+05
6.069078750000000000e+05
6.044023125000000000e+05
6.019096250000000000e+05
5.994297500000000000e+05
5.969628125000000000e+05
5.945085625000000000e+05
5.920670000000000000e+05
5.896378750000000000e+05
5.872213750000000000e+05
5.848173125000000000e+05
5.824255000000000000e+05
5.800459375000000000e+05
5.776785625000000000e+05
5.753233750000000000e+05
5.729801875000000000e+05
5.706488750000000000e+05
5.683295625000000000e+05
5.660220000000000000e+05
5.637261875000000000e+05
5.614420000000000000e+05
5.591695000000000000e+05
5.569084375000000000e+05
5.546589375000000000e+05
5.524207500000000000e+05
5.501939375000000000e+05
5.479783750000000000e+05
5.457738750000000000e+05
5.435805625000000000e+05
5.413983125000000000e+05
5.392270625000000000e+05
5.370666250000000000e+05
5.349171250000000000e+05
5.327783750000000000e+05
5.306503125000000000e+05
5.285329375000000000e+05
5.264261250000000000e+05
5.243298750000000000e+05
5.222440625000000000e+05
5.201685937500000000e+05
5.181035000000000000e+05
5.160486562500000000e+05
5.140040312500000000e+05
5.119696562500000000e+05
5.099452500000000000e+05
5.079309062500000000e+05
5.059265312500000000e+05
5.039320625000000000e+05
5.019474687500000000e+05
4.999726250000000000e+05
4.980075312500000000e+05
4.960521562500000000e+05
4.941063437500000000e+05
4.921700937500000000e+05
4.902434062500000000e+05
4.883261250000000000e+05
4.864182812500000000e+05
4.845197500000000000e+05
4.826305000000000000e+05
4.807504375000000000e+05
4.788795937500000000e+05
4.770179062500000000e+05
4.751652812500000000e+05
4.733215937500000000e+05
4.714869687500000000e+05
4.696611875000000000e+05
4.678443125000000000e+05
4.660362187500000000e+05
4.642368750000000000e+05
4.624462500000000000e+05
4.606642812500000000e+05
4.588909687500000000e+05
4.571261562500000000e+05
4.553697812500000000e+05
4.536219687500000000e+05
4.518825000000000000e+05
4.501514375000000000e+05
4.484286562500000000e+05
4.467141875000000000e+05
4.450078437500000000e+05
4.433097500000000000e+05
4.416197500000000000e+05
4.399378437500000000e+05
4.382639687500000000e+05
4.365979687500000000e+05
4.349400312500000000e+05
4.332899687500000000e+05
4.316477812500000000e+05
4.300132812500000000e+05
4.283866250000000000e+05
4.267676250000000000e+05
4.251564062500000000e+05
4.235527187500000000e+05
4.219566875000000000e+05
4.203680937500000000e+05
4.187871250000000000e+05
4.172135625000000000e+05
4.156473750000000000e+05
4.140886250000000000e+05
4.125371250000000000e+05
4.109929687500000000e+05
4.094560937500000000e+05
4.079263750000000000e+05
4.064038437500000000e+05
4.048884375000000000e+05
4.033800937500000000e+05
4.018788125000000000e+05
4.003845625000000000e+05
3.988972812500000000e+05
3.974169375000000000e+05
3.959434687500000000e+05
3.944768437500000000e+05
3.930170625000000000e+05
3.915640312500000000e+05
3.901177500000000000e+05
3.886782187500000000e+05
3.872452812500000000e+05
3.858190625000000000e+05
3.843993750000000000e+05
3.829862187500000000e+05
3.815796562500000000e+05
3.801794687500000000e+05
3.787858437500000000e+05
3.773986250000000000e+05
3.760177187500000000e+05
3.746431875000000000e+05
3.732749687500000000e+05
3.719130312500000000e+05
3.705573437500000000e+05
3.692078125000000000e+05
3.678645000000000000e+05
3.665273437500000000e+05
3.651962500000000000e+05
3.638712500000000000e+05
3.625522812500000000e+05
3.612393125000000000e+05
3.599323437500000000e+05
3.586312187500000000e+05
3.573361250000000000e+05
3.560469062500000000e+05
3.547634375000000000e+05
3.534858750000000000e+05
3.522140625000000000e+05
3.509479375000000000e+05
3.496876250000000000e+05
3.484329687500000000e+05
3.471840000000000000e+05
3.459406562500000000e+05
3.447028437500000000e+05
3.434706875000000000e+05
3.422440625000000000e+05
3.410228750000000000e+05
3.398071875000000000e+05
3.385970000000000000e+05
3.373922187500000000e+05
3.361928125000000000e+05
3.349987812500000000e+05
3.338100625000000000e+05
3.326266875000000000e+05
3.314485937500000000e+05
3.302757500000000000e+05
3.291080937500000000e+05
3.279456250000000000e+05
3.267883750000000000e+05
3.256362500000000000e+05
3.244892500000000000e+05
3.233473125000000000e+05
3.222104687500000000e+05
3.210786250000000000e+05
3.199517812500000000e+05
3.188299062500000000e+05
3.177130000000000000e+05
3.166010625000000000e+05
3.154940000000000000e+05
3.143918437500000000e+05
3.132945000000000000e+05
3.122020000000000000e+05
3.111143125000000000e+05
3.100314062500000000e+05
3.089532187500000000e+05
3.078797500000000000e+05
3.068110625000000000e+05
3.057469375000000000e+05
3.046875625000000000e+05
3.036327187500000000e+05
3.025825625000000000e+05
3.015370312500000000e+05
3.004959062500000000e+05
2.994594375000000000e+05
2.984274375000000000e+05
2.973999375000000000e+05
2.963769375000000000e+05
2.953583437500000000e+05
2.943441250000000000e+05
2.933343437500000000e+05
2.923290000000000000e+05
2.913278750000000000e+05
2.903311875000000000e+05
2.893387187500000000e+05
2.883505625000000000e+05
2.873667500000000000e+05
2.863870937500000000e+05
2.854116875000000000e+05
2.844404687500000000e+05
2.834734062500000000e+05
2.825105312500000000e+05
2.815517812500000000e+05
2.805971250000000000e+05
2.796465937500000000e+05
2.787000937500000000e+05
2.777577500000000000e+05
2.768192812500000000e+05
2.758849062500000000e+05
2.749545312500000000e+05
2.740280937500000000e+05
2.731056250000000000e+05
2.721870625000000000e+05
2.712724375000000000e+05
2.703616562500000000e+05
2.694548125000000000e+05
2.685517812500000000e+05
2.676526250000000000e+05
2.667572187500000000e+05
2.658656250000000000e+05
2.649778125000000000e+05
2.640937500000000000e+05
2.632134375000000000e+05
2.623368125000000000e+05
2.614639062500000000e+05
2.605946875000000000e+05
2.597291406250000000e+05
2.588672343750000000e+05
2.580088906250000000e+05
2.571542187500000000e+05
2.563031406250000000e+05
2.554556250000000000e+05
2.546116406250000000e+05
2.537712187500000000e+05
2.529342968750000000e+05
2.521009218750000000e+05
2.512709531250000000e+05
2.504445156250000000e+05
2.496215156250000000e+05
2.488019375000000000e+05
2.479857656250000000e+05
2.471730625000000000e+05
2.463636406250000000e+05
2.455576718750000000e+05
2.447549687500000000e+05
2.439556406250000000e+05
2.431596562500000000e+05
2.423669375000000000e+05
2.415775156250000000e+05
2.407913750000000000e+05
2.400084687500000000e+05
2.392288125000000000e+05
2.384523750000000000e+05
2.376791250000000000e+05
2.369090937500000000e+05
2.361422343750000000e+05
2.353784843750000000e+05
2.346179218750000000e+05
2.338604687500000000e+05
2.331061562500000000e+05
2.323549375000000000e+05
2.316067968750000000e+05
2.308616875000000000e+05
2.301196718750000000e+05
2.293806718750000000e+05
2.286446875000000000e+05
2.279117343750000000e+05
2.271817812500000000e+05
2.264547812500000000e+05
2.257307968750000000e+05
2.250096875000000000e+05
2.242915625000000000e+05
2.235763906250000000e+05
2.228640781250000000e+05
2.221546250000000000e+05
2.214481250000000000e+05
2.207444843750000000e+05
2.200436562500000000e+05
2.193457187500000000e+05
2.186505781250000000e+05
2.179582656250000000e+05
2.172687187500000000e+05
2.165820156250000000e+05
2.158980468750000000e+05
2.152168437500000000e+05
2.145383750000000000e+05
2.138626406250000000e+05
2.131896562500000000e+05
2.125193437500000000e+05
2.118517656250000000e+05
2.111868437500000000e+05
2.105245937500000000e+05
2.098650000000000000e+05
2.092080312500000000e+05
2.085537187500000000e+05
2.079020156250000000e+05
2.072529375000000000e+05
2.066064218750000000e+05
2.059624843750000000e+05
2.053211562500000000e+05
2.046823750000000000e+05
2.040461250000000000e+05
2.034124218750000000e+05
2.027812187500000000e+05
2.021525781250000000e+05
2.015263750000000000e+05
2.009026875000000000e+05
2.002814843750000000e+05
1.996627187500000000e+05
1.990464062500000000e+05
1.984325781250000000e+05
1.978211250000000000e+05
1.972121250000000000e+05
1.966055156250000000e+05
1.960013125000000000e+05
1.953994687500000000e+05
1.948000312500000000e+05
1.942029218750000000e+05
1.936082031250000000e+05
1.930157812500000000e+05
1.924257187500000000e+05
1.918379687500000000e+05
1.912525312500000000e+05
1.906693750000000000e+05
1.900885000000000000e+05
1.895099375000000000e+05
1.889336250000000000e+05
1.883595468750000000e+05
1.877877343750000000e+05
1.872181250000000000e+05
1.866507812500000000e+05
1.860856406250000000e+05
1.855226875000000000e+05
1.849619531250000000e+05
1.844033906250000000e+05
1.838469843750000000e+05
1.832927812500000000e+05
1.827406875000000000e+05
1.821907500000000000e+05
1.816429531250000000e+05
1.810972968750000000e+05
1.805537500000000000e+05
1.800122656250000000e+05
1.794729218750000000e+05
1.789356406250000000e+05
1.784004531250000000e+05
1.778672968750000000e+05
1.773362500000000000e+05
1.768072187500000000e+05
1.762802187500000000e+05
1.757552656250000000e+05
1.752323281250000000e+05
1.747114218750000000e+05
1.741924687500000000e+05
1.736755312500000000e+05
1.731605781250000000e+05
1.726476093750000000e+05
1.721366093750000000e+05
1.716275468750000000e+05
1.711204531250000000e+05
1.706152812500000000e+05
1.701120625000000000e+05
1.696107500000000000e+05
1.691113593750000000e+05
1.686138437500000000e+05
1.681182656250000000e+05
1.676245625000000000e+05
1.671327187500000000e+05
1.666427656250000000e+05
1.661546718750000000e+05
1.656683906250000000e+05
1.651840312500000000e+05
1.647014375000000000e+05
1.642207187500000000e+05
1.637418125000000000e+05
1.632647031250000000e+05
1.627894218750000000e+05
1.623159062500000000e+05
1.618442031250000000e+05
1.613743125000000000e+05
1.609061093750000000e+05
1.604397500000000000e+05
1.599750937500000000e+05
1.595122500000000000e+05
1.590510937500000000e+05
1.585916718750000000e+05
1.581340000000000000e+05
1.576780312500000000e+05
1.572237812500000000e+05
1.567712500000000000e+05
1.563203593750000000e+05
1.558712031250000000e+05
1.554237187500000000e+05
1.549779375000000000e+05
1.545337656250000000e+05
1.540912812500000000e+05
1.536504531250000000e+05
1.532112500000000000e+05
1.527737031250000000e+05
1.523377812500000000e+05
1.519034843750000000e+05
1.514707968750000000e+05
1.510397343750000000e+05
1.506102500000000000e+05
