1.575482294272000000e+12
-6.071144448000000000e+10
-3.605787852800000000e+10
-2.386099200000000000e+10
-1.647543910400000000e+10
-1.189947596800000000e+10
-8.811542528000000000e+09
-6.704985088000000000e+09
-5.189066240000000000e+09
-4.091525632000000000e+09
-3.266627840000000000e+09
-2.643973888000000000e+09
-2.160779008000000000e+09
-1.784395264000000000e+09
-1.484916864000000000e+09
-1.245749376000000000e+09
-1.051536384000000000e+09
-8.932361600000000000e+08
-7.624808320000000000e+08
-6.540680320000000000e+08
-5.632092800000000000e+08
-4.867760320000000000e+08
-4.219116800000000000e+08
-3.666641600000000000e+08
-3.192668480000000000e+08
-2.784627840000000000e+08
-2.431237760000000000e+08
-2.124182720000000000e+08
-1.856048960000000000e+08
-1.621200000000000000e+08
-1.414638240000000000e+08
-1.232459360000000000e+08
-1.071215760000000000e+08
-9.281495200000000000e+07
-8.008312000000000000e+07
-6.872785600000000000e+07
-5.857465600000000000e+07
-4.947870000000000000e+07
-4.131245600000000000e+07
-3.396853600000000000e+07
-2.735226400000000000e+07
-2.138292600000000000e+07
-1.598920500000000000e+07
-1.110966300000000000e+07
-6.689901000000000000e+06
-2.682607750000000000e+06
9.542222500000000000e+05
4.257400500000000000e+06
7.259710000000000000e+06
9.990084000000000000e+06
1.247435300000000000e+07
1.473546400000000000e+07
1.679396200000000000e+07
1.866819200000000000e+07
2.037462800000000000e+07
2.192804800000000000e+07
2.334177000000000000e+07
2.462778400000000000e+07
2.579692000000000000e+07
2.685897800000000000e+07
2.782282800000000000e+07
2.869652400000000000e+07
2.948736800000000000e+07
3.020201800000000000e+07
3.084653200000000000e+07
3.142643000000000000e+07
3.194676200000000000e+07
3.241214000000000000e+07
3.282678400000000000e+07
3.319456800000000000e+07
3.351904000000000000e+07
3.380345600000000000e+07
3.405081600000000000e+07
3.426388000000000000e+07
3.444516800000000000e+07
3.459704800000000000e+07
3.472166000000000000e+07
3.482100800000000000e+07
3.489692000000000000e+07
3.495112000000000000e+07
3.498517200000000000e+07
3.500054400000000000e+07
3.499858400000000000e+07
3.498055600000000000e+07
3.494762400000000000e+07
3.490087200000000000e+07
3.484130000000000000e+07
3.476985200000000000e+07
3.468739600000000000e+07
3.459474800000000000e+07
3.449265200000000000e+07
3.438182400000000000e+07
3.426291600000000000e+07
3.413653600000000000e+07
3.400326800000000000e+07
3.386363200000000000e+07
3.371813600000000000e+07
3.356724000000000000e+07
3.341137400000000000e+07
3.325096000000000000e+07
3.308636800000000000e+07
3.291795400000000000e+07
3.274605600000000000e+07
3.257098200000000000e+07
3.239302800000000000e+07
3.221246000000000000e+07
3.202954000000000000e+07
3.184451200000000000e+07
3.165759200000000000e+07
3.146899400000000000e+07
3.127892000000000000e+07
3.108754800000000000e+07
3.089505400000000000e+07
3.070160000000000000e+07
3.050734200000000000e+07
3.031241800000000000e+07
3.011696200000000000e+07
2.992110400000000000e+07
2.972495600000000000e+07
2.952863000000000000e+07
2.933223200000000000e+07
2.913585600000000000e+07
2.893958800000000000e+07
2.874352200000000000e+07
2.854773000000000000e+07
2.835228800000000000e+07
2.815726600000000000e+07
2.796272800000000000e+07
2.776873200000000000e+07
2.757534000000000000e+07
2.738259600000000000e+07
2.719056000000000000e+07
2.699926400000000000e+07
2.680876400000000000e+07
2.661909200000000000e+07
2.643028400000000000e+07
2.624237600000000000e+07
2.605540000000000000e+07
2.586938800000000000e+07
2.568436000000000000e+07
2.550034400000000000e+07
2.531736800000000000e+07
2.513544400000000000e+07
2.495459600000000000e+07
2.477484000000000000e+07
2.459619400000000000e+07
2.441866800000000000e+07
2.424228400000000000e+07
2.406704400000000000e+07
2.389296000000000000e+07
2.372004800000000000e+07
2.354830800000000000e+07
2.337775600000000000e+07
2.320839200000000000e+07
2.304022000000000000e+07
2.287324800000000000e+07
2.270747600000000000e+07
2.254291400000000000e+07
2.237955600000000000e+07
2.221740800000000000e+07
2.205647000000000000e+07
2.189674000000000000e+07
2.173822000000000000e+07
2.158090800000000000e+07
2.142480400000000000e+07
2.126990000000000000e+07
2.111620000000000000e+07
2.096370000000000000e+07
2.081239600000000000e+07
2.066228400000000000e+07
2.051336000000000000e+07
2.036561800000000000e+07
2.021905800000000000e+07
2.007367200000000000e+07
1.992945200000000000e+07
1.978640000000000000e+07
1.964450400000000000e+07
1.950376000000000000e+07
1.936416400000000000e+07
1.922570800000000000e+07
1.908838400000000000e+07
1.895218600000000000e+07
1.881710800000000000e+07
1.868314600000000000e+07
1.855028800000000000e+07
1.841853000000000000e+07
1.828786400000000000e+07
1.815828200000000000e+07
1.802977600000000000e+07
1.790234400000000000e+07
1.777597200000000000e+07
1.765065400000000000e+07
1.752638200000000000e+07
1.740315200000000000e+07
1.728095200000000000e+07
1.715977800000000000e+07
1.703961800000000000e+07
1.692046600000000000e+07
1.680231200000000000e+07
1.668515400000000000e+07
1.656897800000000000e+07
1.645378100000000000e+07
1.633955000000000000e+07
1.622628100000000000e+07
1.611396600000000000e+07
1.600259500000000000e+07
1.589216100000000000e+07
1.578265600000000000e+07
1.567407200000000000e+07
1.556640300000000000e+07
1.545964000000000000e+07
1.535377200000000000e+07
1.524879800000000000e+07
1.514470400000000000e+07
1.504148800000000000e+07
1.493913700000000000e+07
1.483764600000000000e+07
1.473700800000000000e+07
1.463721400000000000e+07
1.453825600000000000e+07
1.444012900000000000e+07
1.434282400000000000e+07
1.424633400000000000e+07
1.415065200000000000e+07
1.405577000000000000e+07
1.396168100000000000e+07
1.386837800000000000e+07
1.377585500000000000e+07
1.368410100000000000e+07
1.359311300000000000e+07
1.350288300000000000e+07
1.341340400000000000e+07
1.332466800000000000e+07
1.323666900000000000e+07
1.314940000000000000e+07
1.306285600000000000e+07
1.297702800000000000e+07
1.289191100000000000e+07
1.280749700000000000e+07
1.272378100000000000e+07
1.264075400000000000e+07
1.255841300000000000e+07
1.247675000000000000e+07
1.239575800000000000e+07
1.231543200000000000e+07
1.223576400000000000e+07
1.215675100000000000e+07
1.207838300000000000e+07
1.200065800000000000e+07
1.192356600000000000e+07
1.184710600000000000e+07
1.177126600000000000e+07
1.169604500000000000e+07
1.162143600000000000e+07
1.154743200000000000e+07
1.147402900000000000e+07
1.140122000000000000e+07
1.132900100000000000e+07
1.125736600000000000e+07
1.118630800000000000e+07
1.111582200000000000e+07
1.104590400000000000e+07
1.097655000000000000e+07
1.090775200000000000e+07
1.083950400000000000e+07
1.077180400000000000e+07
1.070464500000000000e+07
1.063802200000000000e+07
1.057193100000000000e+07
1.050636600000000000e+07
1.044132300000000000e+07
1.037679600000000000e+07
1.031278000000000000e+07
1.024927300000000000e+07
1.018626800000000000e+07
1.012375900000000000e+07
1.006174400000000000e+07
1.000021800000000000e+07
9.939175000000000000e+06
9.878612000000000000e+06
9.818524000000000000e+06
9.758907000000000000e+06
9.699755000000000000e+06
9.641066000000000000e+06
9.582834000000000000e+06
9.525055000000000000e+06
9.467726000000000000e+06
9.410841000000000000e+06
9.354398000000000000e+06
9.298391000000000000e+06
9.242818000000000000e+06
9.187674000000000000e+06
9.132953000000000000e+06
9.078654000000000000e+06
9.024773000000000000e+06
8.971304000000000000e+06
8.918246000000000000e+06
8.865592000000000000e+06
8.813341000000000000e+06
8.761489000000000000e+06
8.710031000000000000e+06
8.658963000000000000e+06
8.608284000000000000e+06
8.557989000000000000e+06
8.508076000000000000e+06
8.458538000000000000e+06
8.409374000000000000e+06
8.360580500000000000e+06
8.312155000000000000e+06
8.264092000000000000e+06
8.216389000000000000e+06
8.169044000000000000e+06
8.122052000000000000e+06
8.075412000000000000e+06
8.029118000000000000e+06
7.983169500000000000e+06
7.937561000000000000e+06
7.892292000000000000e+06
7.847358000000000000e+06
7.802755500000000000e+06
7.758483000000000000e+06
7.714537000000000000e+06
7.670913500000000000e+06
7.627611000000000000e+06
7.584626500000000000e+06
7.541956500000000000e+06
7.499598000000000000e+06
7.457549500000000000e+06
7.415807000000000000e+06
7.374368000000000000e+06
7.333231000000000000e+06
7.292392000000000000e+06
7.251849500000000000e+06
7.211600000000000000e+06
7.171641000000000000e+06
7.131970000000000000e+06
7.092584000000000000e+06
7.053482000000000000e+06
7.014660000000000000e+06
6.976116500000000000e+06
6.937849000000000000e+06
6.899854000000000000e+06
6.862131000000000000e+06
6.824675500000000000e+06
6.787486500000000000e+06
6.750562000000000000e+06
6.713899000000000000e+06
6.677495000000000000e+06
6.641348000000000000e+06
6.605456000000000000e+06
6.569818000000000000e+06
6.534429500000000000e+06
6.499289000000000000e+06
6.464395000000000000e+06
6.429745500000000000e+06
6.395338000000000000e+06
6.361171000000000000e+06
6.327241000000000000e+06
6.293548000000000000e+06
6.260088000000000000e+06
6.226860000000000000e+06
6.193863000000000000e+06
6.161093000000000000e+06
6.128549000000000000e+06
6.096230000000000000e+06
6.064133000000000000e+06
6.032256000000000000e+06
6.000598000000000000e+06
5.969156000000000000e+06
5.937929000000000000e+06
5.906916000000000000e+06
5.876114000000000000e+06
5.845521000000000000e+06
5.815136000000000000e+06
5.784957000000000000e+06
5.754983000000000000e+06
5.725211000000000000e+06
5.695640000000000000e+06
5.666268500000000000e+06
5.637094000000000000e+06
5.608116000000000000e+06
5.579333000000000000e+06
5.550742000000000000e+06
5.522342500000000000e+06
5.494132500000000000e+06
5.466110000000000000e+06
5.438275000000000000e+06
5.410624500000000000e+06
5.383157000000000000e+06
5.355872500000000000e+06
5.328768000000000000e+06
5.301842500000000000e+06
5.275094000000000000e+06
5.248522500000000000e+06
5.222125000000000000e+06
5.195901000000000000e+06
5.169850000000000000e+06
5.143968000000000000e+06
5.118256000000000000e+06
5.092711000000000000e+06
5.067333000000000000e+06
5.042120000000000000e+06
5.017070000000000000e+06
4.992184000000000000e+06
4.967457000000000000e+06
4.942891500000000000e+06
4.918484000000000000e+06
4.894234000000000000e+06
4.870140000000000000e+06
4.846200500000000000e+06
4.822415000000000000e+06
4.798782000000000000e+06
4.775299500000000000e+06
4.751967000000000000e+06
4.728784000000000000e+06
4.705748000000000000e+06
4.682859000000000000e+06
4.660115000000000000e+06
4.637515000000000000e+06
4.615058000000000000e+06
4.592743000000000000e+06
4.570569000000000000e+06
4.548535000000000000e+06
4.526639000000000000e+06
4.504881000000000000e+06
4.483259000000000000e+06
4.461773500000000000e+06
4.440421500000000000e+06
4.419202500000000000e+06
4.398116000000000000e+06
4.377161000000000000e+06
4.356336000000000000e+06
4.335641000000000000e+06
4.315073500000000000e+06
4.294633500000000000e+06
4.274320000000000000e+06
4.254132000000000000e+06
4.234068000000000000e+06
4.214127500000000000e+06
4.194310000000000000e+06
4.174613500000000000e+06
4.155038000000000000e+06
4.135582500000000000e+06
4.116245000000000000e+06
4.097026000000000000e+06
4.077923750000000000e+06
4.058938000000000000e+06
4.040067250000000000e+06
4.021311500000000000e+06
4.002668500000000000e+06
3.984138500000000000e+06
3.965720500000000000e+06
3.947413750000000000e+06
3.929216500000000000e+06
3.911129500000000000e+06
3.893150750000000000e+06
3.875279500000000000e+06
3.857515250000000000e+06
3.839856750000000000e+06
3.822304500000000000e+06
3.804856750000000000e+06
3.787512500000000000e+06
3.770271250000000000e+06
3.753132500000000000e+06
3.736095500000000000e+06
3.719159000000000000e+06
3.702322500000000000e+06
3.685585500000000000e+06
3.668947250000000000e+06
3.652407000000000000e+06
3.635963750000000000e+06
3.619616500000000000e+06
3.603365750000000000e+06
3.587209750000000000e+06
3.571148250000000000e+06
3.555180500000000000e+06
3.539305500000000000e+06
3.523523000000000000e+06
3.507832000000000000e+06
3.492232500000000000e+06
3.476723000000000000e+06
3.461303500000000000e+06
3.445973000000000000e+06
3.430730750000000000e+06
3.415576500000000000e+06
3.400509750000000000e+06
3.385529000000000000e+06
3.370634500000000000e+06
3.355825000000000000e+06
3.341100500000000000e+06
3.326460000000000000e+06
3.311903500000000000e+06
3.297429500000000000e+06
3.283038000000000000e+06
3.268728500000000000e+06
3.254499500000000000e+06
3.240352000000000000e+06
3.226284000000000000e+06
3.212295500000000000e+06
3.198386250000000000e+06
3.184555250000000000e+06
3.170802000000000000e+06
3.157126500000000000e+06
3.143527250000000000e+06
3.130004500000000000e+06
3.116557750000000000e+06
3.103185500000000000e+06
3.089888500000000000e+06
3.076665500000000000e+06
3.063516000000000000e+06
3.050439500000000000e+06
3.037436000000000000e+06
3.024504500000000000e+06
3.011644250000000000e+06
2.998855250000000000e+06
2.986137500000000000e+06
2.973489500000000000e+06
2.960911000000000000e+06
2.948402000000000000e+06
2.935961500000000000e+06
2.923589500000000000e+06
2.911285000000000000e+06
2.899048000000000000e+06
2.886878250000000000e+06
2.874774500000000000e+06
2.862737000000000000e+06
2.850765000000000000e+06
2.838858000000000000e+06
2.827015500000000000e+06
2.815237500000000000e+06
2.803523250000000000e+06
2.791872250000000000e+06
2.780284250000000000e+06
2.768759000000000000e+06
2.757295500000000000e+06
2.745894000000000000e+06
2.734553500000000000e+06
2.723274000000000000e+06
2.712055000000000000e+06
2.700896000000000000e+06
2.689796750000000000e+06
2.678756500000000000e+06
2.667775500000000000e+06
2.656853000000000000e+06
2.645988500000000000e+06
2.635181750000000000e+06
2.624432000000000000e+06
2.613739500000000000e+06
2.603103750000000000e+06
2.592524000000000000e+06
2.582000250000000000e+06
2.571532000000000000e+06
2.561118750000000000e+06
2.550760250000000000e+06
2.540456250000000000e+06
2.530206500000000000e+06
2.520010000000000000e+06
2.509867500000000000e+06
2.499777500000000000e+06
2.489740250000000000e+06
2.479755500000000000e+06
2.469822500000000000e+06
2.459941500000000000e+06
2.450111750000000000e+06
2.440332750000000000e+06
2.430604500000000000e+06
2.420926500000000000e+06
2.411298750000000000e+06
2.401720750000000000e+06
2.392192000000000000e+06
2.382712500000000000e+06
2.373281500000000000e+06
2.363899000000000000e+06
2.354564500000000000e+06
2.345278500000000000e+06
2.336039500000000000e+06
2.326848000000000000e+06
2.317703000000000000e+06
2.308605000000000000e+06
2.299553250000000000e+06
2.290547750000000000e+06
2.281587500000000000e+06
2.272673250000000000e+06
2.263804000000000000e+06
2.254979250000000000e+06
2.246199750000000000e+06
2.237464250000000000e+06
2.228773000000000000e+06
2.220125500000000000e+06
2.211521750000000000e+06
2.202961000000000000e+06
2.194443250000000000e+06
2.185968250000000000e+06
2.177535500000000000e+06
2.169145250000000000e+06
2.160796750000000000e+06
2.152489750000000000e+06
2.144224500000000000e+06
2.136000500000000000e+06
2.127817250000000000e+06
2.119674500000000000e+06
2.111572250000000000e+06
2.103510250000000000e+06
2.095488000000000000e+06
2.087505500000000000e+06
2.079562500000000000e+06
2.071658750000000000e+06
2.063793750000000000e+06
2.055967375000000000e+06
2.048179750000000000e+06
2.040430250000000000e+06
2.032718875000000000e+06
2.025045000000000000e+06
2.017409000000000000e+06
2.009810000000000000e+06
2.002248250000000000e+06
1.994723500000000000e+06
1.987235250000000000e+06
1.979783750000000000e+06
1.972368125000000000e+06
1.964988500000000000e+06
1.957644875000000000e+06
1.950336625000000000e+06
1.943063750000000000e+06
1.935826125000000000e+06
1.928623375000000000e+06
1.921455375000000000e+06
1.914321875000000000e+06
1.907222750000000000e+06
1.900157750000000000e+06
1.893126625000000000e+06
1.886129000000000000e+06
1.879165375000000000e+06
1.872234625000000000e+06
1.865337250000000000e+06
1.858472625000000000e+06
1.851640875000000000e+06
1.844841500000000000e+06
1.838074500000000000e+06
1.831339750000000000e+06
1.824636875000000000e+06
1.817965875000000000e+06
1.811326250000000000e+06
1.804718250000000000e+06
1.798141500000000000e+06
1.791595750000000000e+06
1.785081000000000000e+06
1.778596750000000000e+06
1.772142875000000000e+06
1.765719625000000000e+06
1.759326500000000000e+06
1.752963250000000000e+06
1.746629750000000000e+06
1.740326000000000000e+06
1.734051750000000000e+06
1.727806750000000000e+06
1.721590750000000000e+06
1.715403750000000000e+06
1.709245875000000000e+06
1.703116250000000000e+06
1.697015250000000000e+06
1.690942375000000000e+06
1.684898000000000000e+06
1.678881250000000000e+06
1.672892500000000000e+06
1.666931375000000000e+06
1.660997750000000000e+06
1.655091500000000000e+06
1.649212500000000000e+06
1.643360375000000000e+06
1.637535250000000000e+06
1.631736875000000000e+06
1.625965000000000000e+06
1.620219500000000000e+06
1.614500500000000000e+06
1.608807500000000000e+06
1.603140500000000000e+06
1.597499375000000000e+06
1.591884000000000000e+06
1.586294125000000000e+06
1.580729625000000000e+06
1.575190375000000000e+06
1.569676375000000000e+06
1.564187375000000000e+06
1.558723125000000000e+06
1.553283500000000000e+06
1.547868500000000000e+06
1.542478125000000000e+06
1.537112000000000000e+06
1.531770000000000000e+06
1.526452000000000000e+06
1.521157875000000000e+06
1.515887500000000000e+06
1.510640875000000000e+06
1.505417625000000000e+06
1.500218000000000000e+06
1.495041375000000000e+06
1.489888000000000000e+06
1.484757500000000000e+06
1.479650000000000000e+06
1.474565125000000000e+06
1.469503000000000000e+06
1.464463250000000000e+06
1.459446000000000000e+06
1.454450875000000000e+06
1.449478000000000000e+06
1.444527125000000000e+06
1.439598000000000000e+06
1.434690750000000000e+06
1.429805125000000000e+06
1.424941250000000000e+06
1.420098250000000000e+06
1.415277000000000000e+06
1.410476875000000000e+06
1.405697750000000000e+06
1.400939750000000000e+06
1.396202250000000000e+06
1.391485750000000000e+06
1.386789750000000000e+06
1.382114500000000000e+06
1.377459500000000000e+06
1.372824750000000000e+06
1.368210250000000000e+06
1.363615625000000000e+06
1.359041250000000000e+06
1.354486625000000000e+06
1.349951750000000000e+06
1.345436500000000000e+06
1.340941000000000000e+06
1.336464625000000000e+06
1.332008000000000000e+06
1.327570250000000000e+06
1.323151625000000000e+06
1.318752250000000000e+06
1.314371750000000000e+06
1.310009875000000000e+06
1.305667000000000000e+06
1.301342750000000000e+06
1.297037000000000000e+06
1.292749625000000000e+06
1.288480500000000000e+06
1.284229750000000000e+06
1.279997375000000000e+06
1.275782750000000000e+06
1.271586000000000000e+06
1.267407500000000000e+06
1.263246625000000000e+06
1.259103250000000000e+06
1.254977750000000000e+06
1.250869500000000000e+06
1.246778750000000000e+06
1.242705375000000000e+06
1.238649250000000000e+06
1.234610125000000000e+06
1.230588125000000000e+06
1.226583125000000000e+06
1.222594875000000000e+06
1.218623500000000000e+06
1.214668750000000000e+06
1.210730750000000000e+06
1.206809250000000000e+06
1.202904000000000000e+06
1.199015375000000000e+06
1.195143000000000000e+06
1.191286500000000000e+06
1.187446500000000000e+06
1.183622375000000000e+06
1.179814125000000000e+06
1.176021750000000000e+06
1.172245250000000000e+06
1.168484500000000000e+06
1.164739250000000000e+06
1.161009500000000000e+06
1.157295375000000000e+06
1.153596500000000000e+06
1.149913000000000000e+06
1.146244750000000000e+06
1.142591625000000000e+06
1.138953500000000000e+06
1.135330250000000000e+06
1.131722250000000000e+06
1.128129000000000000e+06
1.124550500000000000e+06
1.120986750000000000e+06
1.117437500000000000e+06
1.113902750000000000e+06
1.110382625000000000e+06
1.106877000000000000e+06
1.103385500000000000e+06
1.099908375000000000e+06
1.096445250000000000e+06
1.092996500000000000e+06
1.089561750000000000e+06
1.086140875000000000e+06
1.082734000000000000e+06
1.079341000000000000e+06
1.075961500000000000e+06
1.072596000000000000e+06
1.069244000000000000e+06
1.065905500000000000e+06
1.062580750000000000e+06
1.059269250000000000e+06
1.055971250000000000e+06
1.052686250000000000e+06
1.049414750000000000e+06
1.046156437500000000e+06
1.042911125000000000e+06
1.039678875000000000e+06
1.036459687500000000e+06
1.033253250000000000e+06
1.030059687500000000e+06
1.026879000000000000e+06
1.023711000000000000e+06
1.020555750000000000e+06
1.017413000000000000e+06
1.014282750000000000e+06
1.011165062500000000e+06
1.008059750000000000e+06
1.004966875000000000e+06
1.001886125000000000e+06
9.988177500000000000e+05
9.957615000000000000e+05
9.927174375000000000e+05
9.896853750000000000e+05
9.866651875000000000e+05
9.836571250000000000e+05
9.806608750000000000e+05
9.776765000000000000e+05
9.747038750000000000e+05
9.717428750000000000e+05
9.687935000000000000e+05
9.658558750000000000e+05
9.629297500000000000e+05
9.600151250000000000e+05
9.571120000000000000e+05
9.542201250000000000e+05
9.513395625000000000e+05
9.484705000000000000e+05
9.456123750000000000e+05
9.427655000000000000e+05
9.399296875000000000e+05
9.371050000000000000e+05
9.342913750000000000e+05
9.314886250000000000e+05
9.286968750000000000e+05
9.259158125000000000e+05
9.231455625000000000e+05
9.203861250000000000e+05
9.176374375000000000e+05
9.148992500000000000e+05
9.121717500000000000e+05
9.094547500000000000e+05
9.067481875000000000e+05
9.040522500000000000e+05
9.013665625000000000e+05
8.986912500000000000e+05
8.960262500000000000e+05
8.933715000000000000e+05
8.907268750000000000e+05
8.880925000000000000e+05
8.854682500000000000e+05
8.828539375000000000e+05
8.802496250000000000e+05
8.776554375000000000e+05
8.750710000000000000e+05
8.724965625000000000e+05
8.699318750000000000e+05
8.673770000000000000e+05
8.648318125000000000e+05
8.622963750000000000e+05
8.597704375000000000e+05
8.572542500000000000e+05
8.547475000000000000e+05
8.522503125000000000e+05
8.497626250000000000e+05
8.472843750000000000e+05
8.448154375000000000e+05
8.423558750000000000e+05
8.399056250000000000e+05
8.374645000000000000e+05
8.350326250000000000e+05
8.326099375000000000e+05
8.301963750000000000e+05
8.277918125000000000e+05
8.253964375000000000e+05
8.230100000000000000e+05
8.206325000000000000e+05
8.182638750000000000e+05
8.159042500000000000e+05
8.135532500000000000e+05
8.112111875000000000e+05
8.088778750000000000e+05
8.065532500000000000e+05
8.042371875000000000e+05
8.019298750000000000e+05
7.996311875000000000e+05
7.973410000000000000e+05
7.950592500000000000e+05
7.927861250000000000e+05
7.905213125000000000e+05
7.882648750000000000e+05
7.860168750000000000e+05
7.837772500000000000e+05
7.815457500000000000e+05
7.793226250000000000e+05
7.771077500000000000e+05
7.749010000000000000e+05
7.727022500000000000e+05
7.705117500000000000e+05
7.683292500000000000e+05
7.661547500000000000e+05
7.639883125000000000e+05
7.618298750000000000e+05
7.596792500000000000e+05
7.575366250000000000e+05
7.554017500000000000e+05
7.532746250000000000e+05
7.511553750000000000e+05
7.490438750000000000e+05
7.469400000000000000e+05
7.448439375000000000e+05
7.427553750000000000e+05
7.406745000000000000e+05
7.386011250000000000e+05
7.365354375000000000e+05
7.344770625000000000e+05
7.324263750000000000e+05
7.303829375000000000e+05
7.283469375000000000e+05
7.263184375000000000e+05
7.242971250000000000e+05
7.222831875000000000e+05
7.202765625000000000e+05
7.182771250000000000e+05
7.162848750000000000e+05
7.142998750000000000e+05
7.123220000000000000e+05
7.103512500000000000e+05
7.083875000000000000e+05
7.064310000000000000e+05
7.044813750000000000e+05
7.025386875000000000e+05
7.006030000000000000e+05
6.986743125000000000e+05
6.967525000000000000e+05
6.948375625000000000e+05
6.929295000000000000e+05
6.910281250000000000e+05
6.891336250000000000e+05
6.872458750000000000e+05
6.853647500000000000e+05
6.834903750000000000e+05
6.816227500000000000e+05
6.797617500000000000e+05
6.779071875000000000e+05
6.760593750000000000e+05
6.742180625000000000e+05
6.723832500000000000e+05
6.705549375000000000e+05
6.687331250000000000e+05
6.669176250000000000e+05
6.651087500000000000e+05
6.633060625000000000e+05
6.615098125000000000e+05
6.597198750000000000e+05
6.579361875000000000e+05
6.561588125000000000e+05
6.543877500000000000e+05
6.526227500000000000e+05
6.508641250000000000e+05
6.491115000000000000e+05
6.473650000000000000e+05
6.456248125000000000e+05
6.438905625000000000e+05
6.421623750000000000e+05
6.404402500000000000e+05
6.387240625000000000e+05
6.370140000000000000e+05
6.353098125000000000e+05
6.336116250000000000e+05
6.319191875000000000e+05
6.302327500000000000e+05
6.285521250000000000e+05
6.268773125000000000e+05
6.252083750000000000e+05
6.235451875000000000e+05
6.218877500000000000e+05
6.202360000000000000e+05
6.185900625000000000e+05
6.169497500000000000e+05
6.153151250000000000e+05
6.136860625000000000e+05
6.120626875000000000e+05
6.104448750000000000e+05
6.088326250000000000e+05
6.072259375000000000e+05
6.056247500000000000e+05
6.040290000000000000e+05
6.024388125000000000e+05
6.008540000000000000e+05
