5.226756505600000000e+11
-1.983383961600000000e+10
-1.178478284800000000e+10
-7.819404800000000000e+09
-5.415933440000000000e+09
-3.923658496000000000e+09
-2.912924160000000000e+09
-2.221022976000000000e+09
-1.721261440000000000e+09
-1.358278400000000000e+09
-1.084648192000000000e+09
-8.776103040000000000e+08
-7.166077440000000000e+08
-5.910046080000000000e+08
-4.909432640000000000e+08
-4.109766400000000000e+08
-3.460105920000000000e+08
-2.930571520000000000e+08
-2.493252640000000000e+08
-2.130860000000000000e+08
-1.827349760000000000e+08
-1.572279680000000000e+08
-1.356046080000000000e+08
-1.172112880000000000e+08
-1.014527440000000000e+08
-8.790724800000000000e+07
-7.619419200000000000e+07
-6.603424800000000000e+07
-5.717728000000000000e+07
-4.943388800000000000e+07
-4.263554000000000000e+07
-3.665110400000000000e+07
-3.136444000000000000e+07
-2.668302600000000000e+07
-2.252515400000000000e+07
-1.882440800000000000e+07
-1.552222200000000000e+07
-1.257015600000000000e+07
-9.925503000000000000e+06
-7.552412500000000000e+06
-5.419257000000000000e+06
-3.499147250000000000e+06
-1.768316875000000000e+06
-2.063451875000000000e+05
1.204854000000000000e+06
2.480970250000000000e+06
3.635930250000000000e+06
4.681916000000000000e+06
5.629772000000000000e+06
6.489049000000000000e+06
7.268271000000000000e+06
7.974995000000000000e+06
8.615987000000000000e+06
9.197273000000000000e+06
9.724264000000000000e+06
1.020180500000000000e+07
1.063426200000000000e+07
1.102555300000000000e+07
1.137922400000000000e+07
1.169847200000000000e+07
1.198619100000000000e+07
1.224500200000000000e+07
1.247728600000000000e+07
1.268520600000000000e+07
1.287072900000000000e+07
1.303564600000000000e+07
1.318159400000000000e+07
1.331006700000000000e+07
1.342243100000000000e+07
1.351993700000000000e+07
1.360372700000000000e+07
1.367485900000000000e+07
1.373429200000000000e+07
1.378291900000000000e+07
1.382155000000000000e+07
1.385094400000000000e+07
1.387179200000000000e+07
1.388473200000000000e+07
1.389035600000000000e+07
1.388920800000000000e+07
1.388179500000000000e+07
1.386858400000000000e+07
1.385000700000000000e+07
1.382646400000000000e+07
1.379832800000000000e+07
1.376594400000000000e+07
1.372963500000000000e+07
1.368969300000000000e+07
1.364639900000000000e+07
1.360001100000000000e+07
1.355076700000000000e+07
1.349888800000000000e+07
1.344458700000000000e+07
1.338805400000000000e+07
1.332947200000000000e+07
1.326900700000000000e+07
1.320681900000000000e+07
1.314305400000000000e+07
1.307784600000000000e+07
1.301132800000000000e+07
1.294361700000000000e+07
1.287482400000000000e+07
1.280505700000000000e+07
1.273441000000000000e+07
1.266297600000000000e+07
1.259084100000000000e+07
1.251808500000000000e+07
1.244478200000000000e+07
1.237100400000000000e+07
1.229681400000000000e+07
1.222227600000000000e+07
1.214744500000000000e+07
1.207237600000000000e+07
1.199711900000000000e+07
1.192172400000000000e+07
1.184623000000000000e+07
1.177068200000000000e+07
1.169511600000000000e+07
1.161957100000000000e+07
1.154407800000000000e+07
1.146867200000000000e+07
1.139338000000000000e+07
1.131822900000000000e+07
1.124324600000000000e+07
1.116845400000000000e+07
1.109387700000000000e+07
1.101953400000000000e+07
1.094544700000000000e+07
1.087163000000000000e+07
1.079810600000000000e+07
1.072488500000000000e+07
1.065198400000000000e+07
1.057941500000000000e+07
1.050719300000000000e+07
1.043532800000000000e+07
1.036383000000000000e+07
1.029271000000000000e+07
1.022197700000000000e+07
1.015164000000000000e+07
1.008170500000000000e+07
1.001217900000000000e+07
9.943071000000000000e+06
9.874383000000000000e+06
9.806124000000000000e+06
9.738296000000000000e+06
9.670904000000000000e+06
9.603951000000000000e+06
9.537444000000000000e+06
9.471381000000000000e+06
9.405767000000000000e+06
9.340604000000000000e+06
9.275893000000000000e+06
9.211638000000000000e+06
9.147837000000000000e+06
9.084492000000000000e+06
9.021605000000000000e+06
8.959175000000000000e+06
8.897204000000000000e+06
8.835689000000000000e+06
8.774632000000000000e+06
8.714032000000000000e+06
8.653888000000000000e+06
8.594199000000000000e+06
8.534965000000000000e+06
8.476185000000000000e+06
8.417855000000000000e+06
8.359977000000000000e+06
8.302547500000000000e+06
8.245565000000000000e+06
8.189029000000000000e+06
8.132936500000000000e+06
8.077284500000000000e+06
8.022074000000000000e+06
7.967300000000000000e+06
7.912961000000000000e+06
7.859055000000000000e+06
7.805579500000000000e+06
7.752532500000000000e+06
7.699911500000000000e+06
7.647713000000000000e+06
7.595936000000000000e+06
7.544575500000000000e+06
7.493630000000000000e+06
7.443098500000000000e+06
7.392975500000000000e+06
7.343261000000000000e+06
7.293948500000000000e+06
7.245038500000000000e+06
7.196526500000000000e+06
7.148411500000000000e+06
7.100687500000000000e+06
7.053354000000000000e+06
7.006406500000000000e+06
6.959845000000000000e+06
6.913663000000000000e+06
6.867860000000000000e+06
6.822431000000000000e+06
6.777374500000000000e+06
6.732687000000000000e+06
6.688366000000000000e+06
6.644408000000000000e+06
6.600811000000000000e+06
6.557570500000000000e+06
6.514685000000000000e+06
6.472150500000000000e+06
6.429965000000000000e+06
6.388125000000000000e+06
6.346628000000000000e+06
6.305470000000000000e+06
6.264650000000000000e+06
6.224163500000000000e+06
6.184008500000000000e+06
6.144182500000000000e+06
6.104680500000000000e+06
6.065501500000000000e+06
6.026643000000000000e+06
5.988100500000000000e+06
5.949873500000000000e+06
5.911957500000000000e+06
5.874350000000000000e+06
5.837049000000000000e+06
5.800050500000000000e+06
5.763353000000000000e+06
5.726953500000000000e+06
5.690849000000000000e+06
5.655037500000000000e+06
5.619515500000000000e+06
5.584281500000000000e+06
5.549331500000000000e+06
5.514664000000000000e+06
5.480277000000000000e+06
5.446166000000000000e+06
5.412330000000000000e+06
5.378766000000000000e+06
5.345471500000000000e+06
5.312444500000000000e+06
5.279682000000000000e+06
5.247182000000000000e+06
5.214942000000000000e+06
5.182959500000000000e+06
5.151232000000000000e+06
5.119758000000000000e+06
5.088534000000000000e+06
5.057558000000000000e+06
5.026828000000000000e+06
4.996342500000000000e+06
4.966098000000000000e+06
4.936092500000000000e+06
4.906324500000000000e+06
4.876791500000000000e+06
4.847491500000000000e+06
4.818421000000000000e+06
4.789580000000000000e+06
4.760965000000000000e+06
4.732574000000000000e+06
4.704406000000000000e+06
4.676457000000000000e+06
4.648727500000000000e+06
4.621213500000000000e+06
4.593914000000000000e+06
4.566826000000000000e+06
4.539949000000000000e+06
4.513280500000000000e+06
4.486818500000000000e+06
4.460560500000000000e+06
4.434505000000000000e+06
4.408651000000000000e+06
4.382995000000000000e+06
4.357537000000000000e+06
4.332274500000000000e+06
4.307205000000000000e+06
4.282327500000000000e+06
4.257639500000000000e+06
4.233141000000000000e+06
4.208828000000000000e+06
4.184700250000000000e+06
4.160755500000000000e+06
4.136993000000000000e+06
4.113409250000000000e+06
4.090004250000000000e+06
4.066776000000000000e+06
4.043722750000000000e+06
4.020843000000000000e+06
3.998135250000000000e+06
3.975597000000000000e+06
3.953228000000000000e+06
3.931026500000000000e+06
3.908990250000000000e+06
3.887118500000000000e+06
3.865409250000000000e+06
3.843861750000000000e+06
3.822473500000000000e+06
3.801244000000000000e+06
3.780171250000000000e+06
3.759254500000000000e+06
3.738491000000000000e+06
3.717881000000000000e+06
3.697422000000000000e+06
3.677113250000000000e+06
3.656953250000000000e+06
3.636940000000000000e+06
3.617073250000000000e+06
3.597351500000000000e+06
3.577773250000000000e+06
3.558337000000000000e+06
3.539041500000000000e+06
3.519886000000000000e+06
3.500868500000000000e+06
3.481988750000000000e+06
3.463244750000000000e+06
3.444635500000000000e+06
3.426160000000000000e+06
3.407816250000000000e+06
3.389604750000000000e+06
3.371523250000000000e+06
3.353570500000000000e+06
3.335745250000000000e+06
3.318047250000000000e+06
3.300474750000000000e+06
3.283026500000000000e+06
3.265701750000000000e+06
3.248499750000000000e+06
3.231418500000000000e+06
3.214458000000000000e+06
3.197616500000000000e+06
3.180893000000000000e+06
3.164286500000000000e+06
3.147796500000000000e+06
3.131421500000000000e+06
3.115160250000000000e+06
3.099012750000000000e+06
3.082977000000000000e+06
3.067052750000000000e+06
3.051238500000000000e+06
3.035534000000000000e+06
3.019937500000000000e+06
3.004448250000000000e+06
2.989065750000000000e+06
2.973788750000000000e+06
2.958616500000000000e+06
2.943548250000000000e+06
2.928583000000000000e+06
2.913719750000000000e+06
2.898957500000000000e+06
2.884295500000000000e+06
2.869733500000000000e+06
2.855270000000000000e+06
2.840904000000000000e+06
2.826635250000000000e+06
2.812462500000000000e+06
2.798385500000000000e+06
2.784403000000000000e+06
2.770514000000000000e+06
2.756718250000000000e+06
2.743014500000000000e+06
2.729402250000000000e+06
2.715881000000000000e+06
2.702449750000000000e+06
2.689107500000000000e+06
2.675853500000000000e+06
2.662687750000000000e+06
2.649608750000000000e+06
2.636616000000000000e+06
2.623708750000000000e+06
2.610886500000000000e+06
2.598148500000000000e+06
2.585494000000000000e+06
2.572922250000000000e+06
2.560432250000000000e+06
2.548024000000000000e+06
2.535696750000000000e+06
2.523449500000000000e+06
2.511282000000000000e+06
2.499192500000000000e+06
2.487182000000000000e+06
2.475248750000000000e+06
2.463392500000000000e+06
2.451612500000000000e+06
2.439908500000000000e+06
2.428279250000000000e+06
2.416724500000000000e+06
2.405243750000000000e+06
2.393836250000000000e+06
2.382501750000000000e+06
2.371239000000000000e+06
2.360047750000000000e+06
2.348927750000000000e+06
2.337878000000000000e+06
2.326898250000000000e+06
2.315988000000000000e+06
2.305146000000000000e+06
2.294372500000000000e+06
2.283666750000000000e+06
2.273027750000000000e+06
2.262455500000000000e+06
2.251949750000000000e+06
2.241509250000000000e+06
2.231133750000000000e+06
2.220823000000000000e+06
2.210576250000000000e+06
2.200392750000000000e+06
2.190272250000000000e+06
2.180214750000000000e+06
2.170219250000000000e+06
2.160284750000000000e+06
2.150412000000000000e+06
2.140599500000000000e+06
2.130847500000000000e+06
2.121155000000000000e+06
2.111521500000000000e+06
2.101947500000000000e+06
2.092431250000000000e+06
2.082973000000000000e+06
2.073572250000000000e+06
2.064228250000000000e+06
2.054941125000000000e+06
2.045710000000000000e+06
2.036534625000000000e+06
2.027414500000000000e+06
2.018349250000000000e+06
2.009338375000000000e+06
2.000381625000000000e+06
1.991478500000000000e+06
1.982628625000000000e+06
1.973831500000000000e+06
1.965086875000000000e+06
1.956394375000000000e+06
1.947753375000000000e+06
1.939163375000000000e+06
1.930624500000000000e+06
1.922136000000000000e+06
1.913697625000000000e+06
1.905309250000000000e+06
1.896970000000000000e+06
1.888679875000000000e+06
1.880438250000000000e+06
1.872245000000000000e+06
1.864099750000000000e+06
1.856001750000000000e+06
1.847951250000000000e+06
1.839947500000000000e+06
1.831990375000000000e+06
1.824079375000000000e+06
1.816214000000000000e+06
1.808394500000000000e+06
1.800620000000000000e+06
1.792890125000000000e+06
1.785205250000000000e+06
1.777564375000000000e+06
1.769967125000000000e+06
1.762413875000000000e+06
1.754903375000000000e+06
1.747436250000000000e+06
1.740011375000000000e+06
1.732629125000000000e+06
1.725288750000000000e+06
1.717990000000000000e+06
1.710732750000000000e+06
1.703516250000000000e+06
1.696341000000000000e+06
1.689206250000000000e+06
1.682111625000000000e+06
1.675056750000000000e+06
1.668041875000000000e+06
1.661066250000000000e+06
1.654129625000000000e+06
1.647231750000000000e+06
1.640372625000000000e+06
1.633551750000000000e+06
1.626768750000000000e+06
1.620023750000000000e+06
1.613315750000000000e+06
1.606645250000000000e+06
1.600011750000000000e+06
1.593415000000000000e+06
1.586854375000000000e+06
1.580330125000000000e+06
1.573841875000000000e+06
1.567389125000000000e+06
1.560971875000000000e+06
1.554589750000000000e+06
1.548242500000000000e+06
1.541930125000000000e+06
1.535652000000000000e+06
1.529408250000000000e+06
1.523198500000000000e+06
1.517022500000000000e+06
1.510879875000000000e+06
1.504770500000000000e+06
1.498694375000000000e+06
1.492650750000000000e+06
1.486640000000000000e+06
1.480661625000000000e+06
1.474715500000000000e+06
1.468801250000000000e+06
1.462918250000000000e+06
1.457067250000000000e+06
1.451247500000000000e+06
1.445458750000000000e+06
1.439701000000000000e+06
1.433973750000000000e+06
1.428276875000000000e+06
1.422610625000000000e+06
1.416973875000000000e+06
1.411367375000000000e+06
1.405790500000000000e+06
1.400242875000000000e+06
1.394724750000000000e+06
1.389235500000000000e+06
1.383775250000000000e+06
1.378343500000000000e+06
1.372940375000000000e+06
1.367565500000000000e+06
1.362218500000000000e+06
1.356899500000000000e+06
1.351608625000000000e+06
1.346345000000000000e+06
1.341108750000000000e+06
1.335899625000000000e+06
1.330717625000000000e+06
1.325562375000000000e+06
1.320433750000000000e+06
1.315331625000000000e+06
1.310256000000000000e+06
1.305206250000000000e+06
1.300182750000000000e+06
1.295184750000000000e+06
1.290212375000000000e+06
1.285265750000000000e+06
1.280344125000000000e+06
1.275447750000000000e+06
1.270576375000000000e+06
1.265729750000000000e+06
1.260907875000000000e+06
1.256110375000000000e+06
1.251337375000000000e+06
1.246588250000000000e+06
1.241863500000000000e+06
1.237162375000000000e+06
1.232485125000000000e+06
1.227831375000000000e+06
1.223200875000000000e+06
1.218593875000000000e+06
1.214009750000000000e+06
1.209448750000000000e+06
1.204910750000000000e+06
1.200395125000000000e+06
1.195902000000000000e+06
1.191431500000000000e+06
1.186983250000000000e+06
1.182556875000000000e+06
1.178152500000000000e+06
1.173770250000000000e+06
1.169409500000000000e+06
1.165070250000000000e+06
1.160752500000000000e+06
1.156456125000000000e+06
1.152180875000000000e+06
1.147926625000000000e+06
1.143693250000000000e+06
1.139480625000000000e+06
1.135288500000000000e+06
1.131117125000000000e+06
1.126966250000000000e+06
1.122835250000000000e+06
1.118724500000000000e+06
1.114633750000000000e+06
1.110563000000000000e+06
1.106512000000000000e+06
1.102480625000000000e+06
1.098468625000000000e+06
1.094476250000000000e+06
1.090503000000000000e+06
1.086548875000000000e+06
1.082614000000000000e+06
1.078698000000000000e+06
1.074800750000000000e+06
1.070922125000000000e+06
1.067062125000000000e+06
1.063220625000000000e+06
1.059397625000000000e+06
1.055592625000000000e+06
1.051806000000000000e+06
1.048037125000000000e+06
1.044286312500000000e+06
1.040553437500000000e+06
1.036838062500000000e+06
1.033140500000000000e+06
1.029460375000000000e+06
1.025797562500000000e+06
1.022152062500000000e+06
1.018523750000000000e+06
1.014912625000000000e+06
1.011318187500000000e+06
1.007740937500000000e+06
1.004180250000000000e+06
1.000636312500000000e+06
9.971090625000000000e+05
9.935982500000000000e+05
9.901038125000000000e+05
9.866255000000000000e+05
9.831635625000000000e+05
9.797177500000000000e+05
9.762877500000000000e+05
9.728738125000000000e+05
9.694756875000000000e+05
9.660931875000000000e+05
9.627264375000000000e+05
9.593750000000000000e+05
9.560392500000000000e+05
9.527188125000000000e+05
9.494136250000000000e+05
9.461235625000000000e+05
9.428486875000000000e+05
9.395886250000000000e+05
9.363436875000000000e+05
9.331135000000000000e+05
9.298980000000000000e+05
9.266973750000000000e+05
9.235111250000000000e+05
9.203394375000000000e+05
9.171821250000000000e+05
9.140390625000000000e+05
9.109103125000000000e+05
9.077957500000000000e+05
9.046952500000000000e+05
9.016087500000000000e+05
8.985362500000000000e+05
8.954775625000000000e+05
8.924325000000000000e+05
8.894011875000000000e+05
8.863835000000000000e+05
8.833795000000000000e+05
8.803887500000000000e+05
8.774114375000000000e+05
8.744473750000000000e+05
8.714966250000000000e+05
8.685590000000000000e+05
8.656343125000000000e+05
8.627226875000000000e+05
8.598241250000000000e+05
8.569383750000000000e+05
8.540653125000000000e+05
8.512050000000000000e+05
8.483574375000000000e+05
8.455223125000000000e+05
8.426998750000000000e+05
8.398898125000000000e+05
8.370918750000000000e+05
8.343064375000000000e+05
8.315332500000000000e+05
8.287721875000000000e+05
8.260231875000000000e+05
8.232862500000000000e+05
8.205612500000000000e+05
8.178480625000000000e+05
8.151467500000000000e+05
8.124572500000000000e+05
8.097795625000000000e+05
8.071132500000000000e+05
8.044585625000000000e+05
8.018153750000000000e+05
7.991838125000000000e+05
7.965634375000000000e+05
7.939545625000000000e+05
7.913568125000000000e+05
7.887702500000000000e+05
7.861948750000000000e+05
7.836305625000000000e+05
7.810772500000000000e+05
7.785350000000000000e+05
7.760035000000000000e+05
7.734828750000000000e+05
7.709729375000000000e+05
7.684738750000000000e+05
7.659853750000000000e+05
7.635075625000000000e+05
7.610402500000000000e+05
7.585834375000000000e+05
7.561370000000000000e+05
7.537010000000000000e+05
7.512752500000000000e+05
7.488598750000000000e+05
7.464547500000000000e+05
7.440596250000000000e+05
7.416746250000000000e+05
7.392998125000000000e+05
7.369348750000000000e+05
7.345800000000000000e+05
7.322349375000000000e+05
7.298996875000000000e+05
7.275742500000000000e+05
7.252585000000000000e+05
7.229525000000000000e+05
7.206560625000000000e+05
7.183693125000000000e+05
7.160920625000000000e+05
7.138243125000000000e+05
7.115658750000000000e+05
7.093170000000000000e+05
7.070772500000000000e+05
7.048469375000000000e+05
7.026258125000000000e+05
7.004138750000000000e+05
6.982110625000000000e+05
6.960173750000000000e+05
6.938327500000000000e+05
6.916570625000000000e+05
6.894903125000000000e+05
6.873325000000000000e+05
6.851836250000000000e+05
6.830434375000000000e+05
6.809120000000000000e+05
6.787895000000000000e+05
6.766754375000000000e+05
6.745701250000000000e+05
6.724733750000000000e+05
6.703851875000000000e+05
6.683054375000000000e+05
6.662341875000000000e+05
6.641714375000000000e+05
6.621168750000000000e+05
6.600708125000000000e+05
6.580328750000000000e+05
6.560033125000000000e+05
6.539818750000000000e+05
6.519686875000000000e+05
6.499635000000000000e+05
6.479665000000000000e+05
6.459775000000000000e+05
6.439965625000000000e+05
6.420233750000000000e+05
6.400581250000000000e+05
6.381008750000000000e+05
6.361515000000000000e+05
6.342097500000000000e+05
6.322759375000000000e+05
6.303497500000000000e+05
6.284311875000000000e+05
6.265203750000000000e+05
6.246170625000000000e+05
6.227213125000000000e+05
6.208332500000000000e+05
6.189525625000000000e+05
6.170792500000000000e+05
6.152134375000000000e+05
6.133550625000000000e+05
6.115039375000000000e+05
6.096601250000000000e+05
6.078235625000000000e+05
6.059942500000000000e+05
6.041721250000000000e+05
6.023571875000000000e+05
6.005493750000000000e+05
5.987486250000000000e+05
5.969550000000000000e+05
5.951682500000000000e+05
5.933885625000000000e+05
5.916157500000000000e+05
5.898500000000000000e+05
5.880911250000000000e+05
5.863389375000000000e+05
5.845937500000000000e+05
5.828553125000000000e+05
5.811234375000000000e+05
5.793985000000000000e+05
5.776801250000000000e+05
5.759684375000000000e+05
5.742633750000000000e+05
5.725649375000000000e+05
5.708730000000000000e+05
5.691876250000000000e+05
5.675086250000000000e+05
5.658361250000000000e+05
5.641701875000000000e+05
5.625105000000000000e+05
5.608572500000000000e+05
5.592103750000000000e+05
5.575696250000000000e+05
5.559353125000000000e+05
5.543071875000000000e+05
5.526853125000000000e+05
5.510696250000000000e+05
5.494600625000000000e+05
5.478566250000000000e+05
5.462592500000000000e+05
5.446680000000000000e+05
5.430828750000000000e+05
5.415035625000000000e+05
5.399303750000000000e+05
5.383630625000000000e+05
5.368016875000000000e+05
5.352461875000000000e+05
5.336966250000000000e+05
5.321528750000000000e+05
5.306149375000000000e+05
5.290827500000000000e+05
5.275563750000000000e+05
5.260356875000000000e+05
5.245207500000000000e+05
5.230114375000000000e+05
5.215078125000000000e+05
5.200098125000000000e+05
5.185173750000000000e+05
5.170305312500000000e+05
5.155492500000000000e+05
5.140734687500000000e+05
5.126031562500000000e+05
5.111383750000000000e+05
5.096789375000000000e+05
5.082249375000000000e+05
5.067764062500000000e+05
5.053331250000000000e+05
5.038953437500000000e+05
5.024627812500000000e+05
5.010355000000000000e+05
4.996135000000000000e+05
4.981967812500000000e+05
4.967852812500000000e+05
4.953788750000000000e+05
4.939777812500000000e+05
4.925817187500000000e+05
4.911908750000000000e+05
4.898050625000000000e+05
4.884243125000000000e+05
4.870486875000000000e+05
4.856780312500000000e+05
4.843124062500000000e+05
4.829517812500000000e+05
4.815960625000000000e+05
4.802452500000000000e+05
4.788994375000000000e+05
4.775585312500000000e+05
4.762224687500000000e+05
4.748912812500000000e+05
4.735648750000000000e+05
4.722432500000000000e+05
4.709265312500000000e+05
4.696144375000000000e+05
4.683071562500000000e+05
4.670045312500000000e+05
4.657066562500000000e+05
4.644135312500000000e+05
4.631248750000000000e+05
4.618410312500000000e+05
4.605616875000000000e+05
4.592869687500000000e+05
4.580168125000000000e+05
4.567512500000000000e+05
4.554901875000000000e+05
4.542336250000000000e+05
4.529815312500000000e+05
4.517339375000000000e+05
4.504908125000000000e+05
4.492520937500000000e+05
4.480177812500000000e+05
4.467878125000000000e+05
4.455622812500000000e+05
4.443411562500000000e+05
4.431242812500000000e+05
4.419117187500000000e+05
4.407035000000000000e+05
4.394994687500000000e+05
4.382998125000000000e+05
4.371042500000000000e+05
4.359130000000000000e+05
4.347260000000000000e+05
4.335430625000000000e+05
4.323643437500000000e+05
4.311897187500000000e+05
4.300193125000000000e+05
4.288529687500000000e+05
4.276906562500000000e+05
4.265325000000000000e+05
4.253783750000000000e+05
4.242283125000000000e+05
4.230822500000000000e+05
4.219402187500000000e+05
4.208020937500000000e+05
4.196679375000000000e+05
4.185377500000000000e+05
4.174115000000000000e+05
4.162891875000000000e+05
4.151706875000000000e+05
4.140561875000000000e+05
4.129455312500000000e+05
4.118386875000000000e+05
4.107356250000000000e+05
4.096365000000000000e+05
4.085410937500000000e+05
4.074494375000000000e+05
4.063615937500000000e+05
4.052775000000000000e+05
4.041971250000000000e+05
4.031205000000000000e+05
4.020475625000000000e+05
4.009782812500000000e+05
3.999126875000000000e+05
3.988507500000000000e+05
3.977924375000000000e+05
3.967376562500000000e+05
3.956866250000000000e+05
3.946391562500000000e+05
3.935952187500000000e+05
3.925548750000000000e+05
3.915181250000000000e+05
3.904848125000000000e+05
3.894550000000000000e+05
3.884287500000000000e+05
3.874059687500000000e+05
3.863866250000000000e+05
3.853708125000000000e+05
3.843584062500000000e+05
3.833494062500000000e+05
3.823438750000000000e+05
3.813416562500000000e+05
3.803428437500000000e+05
3.793474375000000000e+05
3.783553437500000000e+05
3.773665937500000000e+05
3.763812500000000000e+05
3.753990937500000000e+05
3.744203437500000000e+05
3.734447812500000000e+05
3.724725937500000000e+05
3.715035625000000000e+05
3.705378750000000000e+05
3.695753750000000000e+05
3.686160625000000000e+05
3.676600000000000000e+05
3.667070937500000000e+05
3.657573437500000000e+05
3.648108125000000000e+05
3.638673750000000000e+05
3.629271250000000000e+05
3.619900000000000000e+05
3.610560000000000000e+05
3.601250625000000000e+05
3.591971875000000000e+05
3.582724062500000000e+05
3.573507187500000000e+05
3.564320000000000000e+05
3.555163750000000000e+05
3.546038125000000000e+05
3.536942187500000000e+05
3.527875937500000000e+05
3.518840000000000000e+05
3.509833125000000000e+05
3.500856250000000000e+05
3.491909375000000000e+05
3.482990625000000000e+05
3.474102187500000000e+05
3.465242812500000000e+05
3.456412187500000000e+05
3.447610000000000000e+05
3.438837187500000000e+05
3.430093125000000000e+05
3.421377500000000000e+05
3.412690000000000000e+05
3.404030937500000000e+05
3.395400312500000000e+05
3.386797812500000000e+05
3.378222500000000000e+05
3.369675937500000000e+05
3.361156562500000000e+05
3.352664687500000000e+05
3.344201250000000000e+05
3.335764375000000000e+05
3.327354687500000000e+05
3.318972812500000000e+05
3.310617500000000000e+05
3.302289062500000000e+05
3.293988125000000000e+05
3.285713437500000000e+05
3.277465312500000000e+05
3.269243750000000000e+05
3.261048750000000000e+05
3.252880312500000000e+05
3.244738125000000000e+05
3.236621250000000000e+05
3.228530937500000000e+05
3.220466875000000000e+05
3.212428125000000000e+05
3.204415000000000000e+05
3.196427812500000000e+05
3.188465625000000000e+05
3.180529687500000000e+05
3.172618125000000000e+05
3.164732500000000000e+05
3.156871562500000000e+05
3.149035625000000000e+05
3.141224375000000000e+05
3.133438125000000000e+05
3.125676875000000000e+05
3.117939687500000000e+05
3.110227500000000000e+05
3.102539062500000000e+05
3.094875312500000000e+05
3.087235625000000000e+05
3.079620312500000000e+05
