5.288885944320000000e+11
-2.073562726400000000e+10
-1.231920742400000000e+10
-8.154071040000000000e+09
-5.629616640000000000e+09
-4.063504128000000000e+09
-3.006736640000000000e+09
-2.285696000000000000e+09
-1.767225856000000000e+09
-1.392027648000000000e+09
-1.110333312000000000e+09
-8.978670720000000000e+08
-7.331713920000000000e+08
-6.049916800000000000e+08
-5.031088320000000000e+08
-4.218110080000000000e+08
-3.558549120000000000e+08
-3.021352320000000000e+08
-2.577978560000000000e+08
-2.210604800000000000e+08
-1.902920160000000000e+08
-1.644232160000000000e+08
-1.424823520000000000e+08
-1.238037520000000000e+08
-1.077872080000000000e+08
-9.400494400000000000e+07
-8.207409600000000000e+07
-7.171213600000000000e+07
-6.266770400000000000e+07
-5.474954400000000000e+07
-4.778837200000000000e+07
-4.165182000000000000e+07
-3.622318800000000000e+07
-3.140906000000000000e+07
-2.712722800000000000e+07
-2.331058600000000000e+07
-1.990011600000000000e+07
-1.684680600000000000e+07
-1.410753400000000000e+07
-1.164596700000000000e+07
-9.430098000000000000e+06
-7.432622500000000000e+06
-5.629430500000000000e+06
-3.999746250000000000e+06
-2.525175250000000000e+06
-1.189718750000000000e+06
2.082521875000000000e+04
1.118905250000000000e+06
2.115604000000000000e+06
3.020707250000000000e+06
3.842948500000000000e+06
4.590087500000000000e+06
5.269069000000000000e+06
5.886100500000000000e+06
6.446747000000000000e+06
6.956010500000000000e+06
7.418391500000000000e+06
7.837945000000000000e+06
8.218329500000000000e+06
8.562862000000000000e+06
8.874538000000000000e+06
9.156080000000000000e+06
9.409955000000000000e+06
9.638416000000000000e+06
9.843503000000000000e+06
1.002708600000000000e+07
1.019086700000000000e+07
1.033640500000000000e+07
1.046512200000000000e+07
1.057832700000000000e+07
1.067721400000000000e+07
1.076288100000000000e+07
1.083634100000000000e+07
1.089852100000000000e+07
1.095027100000000000e+07
1.099238500000000000e+07
1.102558500000000000e+07
1.105054200000000000e+07
1.106787300000000000e+07
1.107815300000000000e+07
1.108190800000000000e+07
1.107962800000000000e+07
1.107176700000000000e+07
1.105874700000000000e+07
1.104095300000000000e+07
1.101875000000000000e+07
1.099247000000000000e+07
1.096242900000000000e+07
1.092891700000000000e+07
1.089219800000000000e+07
1.085252400000000000e+07
1.081013300000000000e+07
1.076523800000000000e+07
1.071804100000000000e+07
1.066873300000000000e+07
1.061748700000000000e+07
1.056446800000000000e+07
1.050982700000000000e+07
1.045370800000000000e+07
1.039624500000000000e+07
1.033756200000000000e+07
1.027777100000000000e+07
1.021698400000000000e+07
1.015530100000000000e+07
1.009281700000000000e+07
1.002961800000000000e+07
9.965786000000000000e+06
9.901402000000000000e+06
9.836534000000000000e+06
9.771252000000000000e+06
9.705616000000000000e+06
9.639687000000000000e+06
9.573518000000000000e+06
9.507162000000000000e+06
9.440664000000000000e+06
9.374071000000000000e+06
9.307423000000000000e+06
9.240760000000000000e+06
9.174117000000000000e+06
9.107530000000000000e+06
9.041029000000000000e+06
8.974643000000000000e+06
8.908400000000000000e+06
8.842326000000000000e+06
8.776444000000000000e+06
8.710776000000000000e+06
8.645342000000000000e+06
8.580162000000000000e+06
8.515254000000000000e+06
8.450632000000000000e+06
8.386312000000000000e+06
8.322310500000000000e+06
8.258638000000000000e+06
8.195306000000000000e+06
8.132325000000000000e+06
8.069707500000000000e+06
8.007462000000000000e+06
7.945596000000000000e+06
7.884116500000000000e+06
7.823032500000000000e+06
7.762348500000000000e+06
7.702070000000000000e+06
7.642203500000000000e+06
7.582754000000000000e+06
7.523722500000000000e+06
7.465116000000000000e+06
7.406935500000000000e+06
7.349184500000000000e+06
7.291865000000000000e+06
7.234978000000000000e+06
7.178526000000000000e+06
7.122511000000000000e+06
7.066933500000000000e+06
7.011793500000000000e+06
6.957091000000000000e+06
6.902826500000000000e+06
6.848999500000000000e+06
6.795610500000000000e+06
6.742658000000000000e+06
6.690143000000000000e+06
6.638061500000000000e+06
6.586414000000000000e+06
6.535201000000000000e+06
6.484418000000000000e+06
6.434065000000000000e+06
6.384138500000000000e+06
6.334639000000000000e+06
6.285563500000000000e+06
6.236909500000000000e+06
6.188676000000000000e+06
6.140859500000000000e+06
6.093458000000000000e+06
6.046469500000000000e+06
5.999891500000000000e+06
5.953721000000000000e+06
5.907956000000000000e+06
5.862593000000000000e+06
5.817629000000000000e+06
5.773063000000000000e+06
5.728890000000000000e+06
5.685109500000000000e+06
5.641716000000000000e+06
5.598709000000000000e+06
5.556084500000000000e+06
5.513839000000000000e+06
5.471969500000000000e+06
5.430474500000000000e+06
5.389350000000000000e+06
5.348593000000000000e+06
5.308200500000000000e+06
5.268169000000000000e+06
5.228496500000000000e+06
5.189179000000000000e+06
5.150213500000000000e+06
5.111598000000000000e+06
5.073328000000000000e+06
5.035402000000000000e+06
4.997815500000000000e+06
4.960566000000000000e+06
4.923651500000000000e+06
4.887066000000000000e+06
4.850810500000000000e+06
4.814879500000000000e+06
4.779270000000000000e+06
4.743981000000000000e+06
4.709007000000000000e+06
4.674346000000000000e+06
4.639995500000000000e+06
4.605952500000000000e+06
4.572214000000000000e+06
4.538777000000000000e+06
4.505639000000000000e+06
4.472796500000000000e+06
4.440246500000000000e+06
4.407987500000000000e+06
4.376016000000000000e+06
4.344328500000000000e+06
4.312923500000000000e+06
4.281797500000000000e+06
4.250948000000000000e+06
4.220372000000000000e+06
4.190068250000000000e+06
4.160031750000000000e+06
4.130262000000000000e+06
4.100755500000000000e+06
4.071509500000000000e+06
4.042521000000000000e+06
4.013789750000000000e+06
3.985310250000000000e+06
3.957081500000000000e+06
3.929100750000000000e+06
3.901367000000000000e+06
3.873874750000000000e+06
3.846624750000000000e+06
3.819612500000000000e+06
3.792837000000000000e+06
3.766295000000000000e+06
3.739984750000000000e+06
3.713903500000000000e+06
3.688049500000000000e+06
3.662419500000000000e+06
3.637012500000000000e+06
3.611826250000000000e+06
3.586857250000000000e+06
3.562104500000000000e+06
3.537565500000000000e+06
3.513238500000000000e+06
3.489120250000000000e+06
3.465210250000000000e+06
3.441505500000000000e+06
3.418004500000000000e+06
3.394704250000000000e+06
3.371603750000000000e+06
3.348700750000000000e+06
3.325993000000000000e+06
3.303478500000000000e+06
3.281156500000000000e+06
3.259023750000000000e+06
3.237079000000000000e+06
3.215320000000000000e+06
3.193745500000000000e+06
3.172353000000000000e+06
3.151141500000000000e+06
3.130108500000000000e+06
3.109252750000000000e+06
3.088572000000000000e+06
3.068064750000000000e+06
3.047729750000000000e+06
3.027565000000000000e+06
3.007568000000000000e+06
2.987738250000000000e+06
2.968073500000000000e+06
2.948572500000000000e+06
2.929233750000000000e+06
2.910055250000000000e+06
2.891035250000000000e+06
2.872173250000000000e+06
2.853466000000000000e+06
2.834914250000000000e+06
2.816514250000000000e+06
2.798266000000000000e+06
2.780167250000000000e+06
2.762217000000000000e+06
2.744413750000000000e+06
2.726755750000000000e+06
2.709242000000000000e+06
2.691870500000000000e+06
2.674640750000000000e+06
2.657551000000000000e+06
2.640599000000000000e+06
2.623785000000000000e+06
2.607107000000000000e+06
2.590563250000000000e+06
2.574152750000000000e+06
2.557874750000000000e+06
2.541727250000000000e+06
2.525709500000000000e+06
2.509819750000000000e+06
2.494057000000000000e+06
2.478420250000000000e+06
2.462908750000000000e+06
2.447520000000000000e+06
2.432253750000000000e+06
2.417108500000000000e+06
2.402083500000000000e+06
2.387177500000000000e+06
2.372389000000000000e+06
2.357717000000000000e+06
2.343160750000000000e+06
2.328718750000000000e+06
2.314390000000000000e+06
2.300174250000000000e+06
2.286069000000000000e+06
2.272074250000000000e+06
2.258188500000000000e+06
2.244411000000000000e+06
2.230740500000000000e+06
2.217176500000000000e+06
2.203717250000000000e+06
2.190362250000000000e+06
2.177110750000000000e+06
2.163961000000000000e+06
2.150913250000000000e+06
2.137965000000000000e+06
2.125116750000000000e+06
2.112366750000000000e+06
2.099714500000000000e+06
2.087159000000000000e+06
2.074699125000000000e+06
2.062334250000000000e+06
2.050063500000000000e+06
2.037886000000000000e+06
2.025800750000000000e+06
2.013807000000000000e+06
2.001904000000000000e+06
1.990090750000000000e+06
1.978366500000000000e+06
1.966730625000000000e+06
1.955182125000000000e+06
1.943720375000000000e+06
1.932344250000000000e+06
1.921053250000000000e+06
1.909846500000000000e+06
1.898723375000000000e+06
1.887682875000000000e+06
1.876724625000000000e+06
1.865847625000000000e+06
1.855051000000000000e+06
1.844334375000000000e+06
1.833696625000000000e+06
1.823137750000000000e+06
1.812656625000000000e+06
1.802252375000000000e+06
1.791924000000000000e+06
1.781671875000000000e+06
1.771494750000000000e+06
1.761392000000000000e+06
1.751362500000000000e+06
1.741406500000000000e+06
1.731522625000000000e+06
1.721710375000000000e+06
1.711969750000000000e+06
1.702299125000000000e+06
1.692698750000000000e+06
1.683167500000000000e+06
1.673704750000000000e+06
1.664310125000000000e+06
1.654983125000000000e+06
1.645722875000000000e+06
1.636528875000000000e+06
1.627400875000000000e+06
1.618337875000000000e+06
1.609339375000000000e+06
1.600405000000000000e+06
1.591534125000000000e+06
1.582726000000000000e+06
1.573980375000000000e+06
1.565296750000000000e+06
1.556674125000000000e+06
1.548112500000000000e+06
1.539611125000000000e+06
1.531169500000000000e+06
1.522787250000000000e+06
1.514463500000000000e+06
1.506198125000000000e+06
1.497990500000000000e+06
1.489840125000000000e+06
1.481746375000000000e+06
1.473709000000000000e+06
1.465727625000000000e+06
1.457801625000000000e+06
1.449930125000000000e+06
1.442113125000000000e+06
1.434350375000000000e+06
1.426640750000000000e+06
1.418984250000000000e+06
1.411380750000000000e+06
1.403829250000000000e+06
1.396329125000000000e+06
1.388880625000000000e+06
1.381483000000000000e+06
1.374135750000000000e+06
1.366838500000000000e+06
1.359591125000000000e+06
1.352392500000000000e+06
1.345243125000000000e+06
1.338142125000000000e+06
1.331089000000000000e+06
1.324083375000000000e+06
1.317125125000000000e+06
1.310213500000000000e+06
1.303348375000000000e+06
1.296529375000000000e+06
1.289756125000000000e+06
1.283028250000000000e+06
1.276345125000000000e+06
1.269706625000000000e+06
1.263112500000000000e+06
1.256562000000000000e+06
1.250055250000000000e+06
1.243591250000000000e+06
1.237170375000000000e+06
1.230791875000000000e+06
1.224455500000000000e+06
1.218161000000000000e+06
1.211907750000000000e+06
1.205695875000000000e+06
1.199524500000000000e+06
1.193393750000000000e+06
1.187303000000000000e+06
1.181252125000000000e+06
1.175240750000000000e+06
1.169268375000000000e+06
1.163335000000000000e+06
1.157440250000000000e+06
1.151583875000000000e+06
1.145765000000000000e+06
1.139984250000000000e+06
1.134240500000000000e+06
1.128534125000000000e+06
1.122864250000000000e+06
1.117231000000000000e+06
1.111634000000000000e+06
1.106072625000000000e+06
1.100547125000000000e+06
1.095056750000000000e+06
1.089601875000000000e+06
1.084181375000000000e+06
1.078795500000000000e+06
1.073443875000000000e+06
1.068126250000000000e+06
1.062842500000000000e+06
1.057592000000000000e+06
1.052374875000000000e+06
1.047190562500000000e+06
1.042039250000000000e+06
1.036920000000000000e+06
1.031833187500000000e+06
1.026778125000000000e+06
1.021755125000000000e+06
1.016763125000000000e+06
1.011802750000000000e+06
1.006873000000000000e+06
1.001974437500000000e+06
9.971060625000000000e+05
9.922680625000000000e+05
9.874600625000000000e+05
9.826819375000000000e+05
9.779333750000000000e+05
9.732143750000000000e+05
9.685243750000000000e+05
9.638632500000000000e+05
9.592310000000000000e+05
9.546271250000000000e+05
9.500515000000000000e+05
9.455041875000000000e+05
9.409845000000000000e+05
9.364925000000000000e+05
9.320280000000000000e+05
9.275907500000000000e+05
9.231805000000000000e+05
9.187971250000000000e+05
9.144403750000000000e+05
9.101101250000000000e+05
9.058061250000000000e+05
9.015281875000000000e+05
8.972759375000000000e+05
8.930495000000000000e+05
8.888484375000000000e+05
8.846727500000000000e+05
8.805222500000000000e+05
8.763966875000000000e+05
8.722958125000000000e+05
8.682193750000000000e+05
8.641673750000000000e+05
8.601396250000000000e+05
8.561359375000000000e+05
8.521560000000000000e+05
8.481998750000000000e+05
8.442670000000000000e+05
8.403576875000000000e+05
8.364715625000000000e+05
8.326083750000000000e+05
8.287680000000000000e+05
8.249503750000000000e+05
8.211552500000000000e+05
8.173823125000000000e+05
8.136316875000000000e+05
8.099030625000000000e+05
8.061963750000000000e+05
8.025112500000000000e+05
7.988477500000000000e+05
7.952056875000000000e+05
7.915848125000000000e+05
7.879850625000000000e+05
7.844063125000000000e+05
7.808483750000000000e+05
7.773110000000000000e+05
7.737941250000000000e+05
7.702977500000000000e+05
7.668215000000000000e+05
7.633652500000000000e+05
7.599289375000000000e+05
7.565125625000000000e+05
7.531157500000000000e+05
7.497385000000000000e+05
7.463805625000000000e+05
7.430418750000000000e+05
7.397223125000000000e+05
7.364217500000000000e+05
7.331401250000000000e+05
7.298770625000000000e+05
7.266325625000000000e+05
7.234066875000000000e+05
7.201990000000000000e+05
7.170096250000000000e+05
7.138381875000000000e+05
7.106847500000000000e+05
7.075491875000000000e+05
7.044313125000000000e+05
7.013309375000000000e+05
6.982481250000000000e+05
6.951825625000000000e+05
6.921343125000000000e+05
6.891031875000000000e+05
6.860889375000000000e+05
6.830916250000000000e+05
6.801110625000000000e+05
6.771470625000000000e+05
6.741996875000000000e+05
6.712687500000000000e+05
6.683540625000000000e+05
6.654555000000000000e+05
6.625731250000000000e+05
6.597067500000000000e+05
6.568562500000000000e+05
6.540212500000000000e+05
6.512021875000000000e+05
6.483986250000000000e+05
6.456103750000000000e+05
6.428376250000000000e+05
6.400800625000000000e+05
6.373376250000000000e+05
6.346101250000000000e+05
6.318976875000000000e+05
6.292000000000000000e+05
6.265171875000000000e+05
6.238490000000000000e+05
6.211951875000000000e+05
6.185559375000000000e+05
6.159311250000000000e+05
6.133204375000000000e+05
6.107239375000000000e+05
6.081415000000000000e+05
6.055730000000000000e+05
6.030184375000000000e+05
6.004776250000000000e+05
5.979506875000000000e+05
5.954371250000000000e+05
5.929371875000000000e+05
5.904506875000000000e+05
5.879775000000000000e+05
5.855176250000000000e+05
5.830708750000000000e+05
5.806371250000000000e+05
5.782165625000000000e+05
5.758087500000000000e+05
5.734138750000000000e+05
5.710317500000000000e+05
5.686623125000000000e+05
5.663054375000000000e+05
5.639610000000000000e+05
5.616290000000000000e+05
5.593093750000000000e+05
5.570020000000000000e+05
5.547068125000000000e+05
5.524238125000000000e+05
5.501526875000000000e+05
5.478936250000000000e+05
5.456463750000000000e+05
5.434110000000000000e+05
5.411873125000000000e+05
5.389751875000000000e+05
5.367748125000000000e+05
5.345858125000000000e+05
5.324082500000000000e+05
5.302420625000000000e+05
5.280871250000000000e+05
5.259435000000000000e+05
5.238109062500000000e+05
5.216894375000000000e+05
5.195790000000000000e+05
5.174794687500000000e+05
5.153908125000000000e+05
5.133129375000000000e+05
5.112457187500000000e+05
5.091892812500000000e+05
5.071433750000000000e+05
5.051080000000000000e+05
5.030830937500000000e+05
5.010685937500000000e+05
4.990644375000000000e+05
4.970705000000000000e+05
4.950867500000000000e+05
4.931132500000000000e+05
4.911497812500000000e+05
4.891962812500000000e+05
4.872527187500000000e+05
4.853190937500000000e+05
4.833953125000000000e+05
4.814813750000000000e+05
4.795769687500000000e+05
4.776823750000000000e+05
4.757972500000000000e+05
4.739217187500000000e+05
4.720556250000000000e+05
4.701989687500000000e+05
4.683516562500000000e+05
4.665136562500000000e+05
4.646849375000000000e+05
4.628653125000000000e+05
4.610548750000000000e+05
4.592534687500000000e+05
4.574610625000000000e+05
4.556777812500000000e+05
4.539033437500000000e+05
4.521376875000000000e+05
4.503808125000000000e+05
4.486327500000000000e+05
4.468934375000000000e+05
4.451626875000000000e+05
4.434405937500000000e+05
4.417270625000000000e+05
4.400219062500000000e+05
4.383252187500000000e+05
4.366370000000000000e+05
4.349570312500000000e+05
4.332853750000000000e+05
4.316220000000000000e+05
4.299668125000000000e+05
4.283197500000000000e+05
4.266807500000000000e+05
4.250498125000000000e+05
4.234268750000000000e+05
4.218118437500000000e+05
4.202047812500000000e+05
4.186055000000000000e+05
4.170140625000000000e+05
4.154304062500000000e+05
4.138544375000000000e+05
4.122861250000000000e+05
4.107255000000000000e+05
4.091723437500000000e+05
4.076268125000000000e+05
4.060887812500000000e+05
4.045581562500000000e+05
4.030349687500000000e+05
4.015190937500000000e+05
4.000105625000000000e+05
3.985093125000000000e+05
3.970153437500000000e+05
3.955285312500000000e+05
3.940488437500000000e+05
3.925762187500000000e+05
3.911107500000000000e+05
3.896522187500000000e+05
3.882006562500000000e+05
3.867561250000000000e+05
3.853184375000000000e+05
3.838876875000000000e+05
3.824636875000000000e+05
3.810465000000000000e+05
3.796360625000000000e+05
3.782323125000000000e+05
3.768351875000000000e+05
3.754447812500000000e+05
3.740608750000000000e+05
3.726836250000000000e+05
3.713127812500000000e+05
3.699484687500000000e+05
3.685905937500000000e+05
3.672391250000000000e+05
3.658940000000000000e+05
3.645552812500000000e+05
3.632227500000000000e+05
3.618965937500000000e+05
3.605765937500000000e+05
3.592627500000000000e+05
3.579550625000000000e+05
3.566535312500000000e+05
3.553581875000000000e+05
3.540686875000000000e+05
3.527853437500000000e+05
3.515079375000000000e+05
3.502364375000000000e+05
3.489709375000000000e+05
3.477112187500000000e+05
3.464573750000000000e+05
3.452094062500000000e+05
3.439671875000000000e+05
3.427307500000000000e+05
3.415000000000000000e+05
3.402749062500000000e+05
3.390554375000000000e+05
3.378416875000000000e+05
3.366335000000000000e+05
3.354308750000000000e+05
3.342337500000000000e+05
3.330421250000000000e+05
3.318559375000000000e+05
3.306752500000000000e+05
3.294999687500000000e+05
3.283300312500000000e+05
3.271654687500000000e+05
3.260061875000000000e+05
3.248522187500000000e+05
3.237035312500000000e+05
3.225600312500000000e+05
3.214217500000000000e+05
3.202885937500000000e+05
3.191606875000000000e+05
3.180378125000000000e+05
3.169200937500000000e+05
3.158073125000000000e+05
3.146996250000000000e+05
3.135970000000000000e+05
3.124993437500000000e+05
3.114065937500000000e+05
3.103188125000000000e+05
3.092358437500000000e+05
3.081578125000000000e+05
3.070846562500000000e+05
3.060162500000000000e+05
3.049526875000000000e+05
3.038938750000000000e+05
3.028397500000000000e+05
3.017903750000000000e+05
3.007456875000000000e+05
2.997056250000000000e+05
2.986702812500000000e+05
2.976395312500000000e+05
2.966133437500000000e+05
2.955917500000000000e+05
2.945746562500000000e+05
2.935620625000000000e+05
2.925540000000000000e+05
2.915504062500000000e+05
2.905511875000000000e+05
2.895564375000000000e+05
2.885660625000000000e+05
2.875801250000000000e+05
2.865984687500000000e+05
2.856211562500000000e+05
2.846481875000000000e+05
2.836794062500000000e+05
2.827149375000000000e+05
2.817547500000000000e+05
2.807986562500000000e+05
2.798468437500000000e+05
2.788991250000000000e+05
2.779556562500000000e+05
2.770162187500000000e+05
2.760809375000000000e+05
2.751496562500000000e+05
2.742225625000000000e+05
2.732994375000000000e+05
2.723803125000000000e+05
2.714651562500000000e+05
2.705540312500000000e+05
2.696468437500000000e+05
2.687435312500000000e+05
2.678441875000000000e+05
2.669487187500000000e+05
2.660571250000000000e+05
2.651694062500000000e+05
2.642855000000000000e+05
2.634053750000000000e+05
2.625290312500000000e+05
2.616565312500000000e+05
2.607876875000000000e+05
2.599227031250000000e+05
2.590613281250000000e+05
2.582036718750000000e+05
2.573496718750000000e+05
2.564993750000000000e+05
2.556526406250000000e+05
2.548095781250000000e+05
2.539701406250000000e+05
2.531342343750000000e+05
2.523018750000000000e+05
2.514730937500000000e+05
2.506478281250000000e+05
2.498260937500000000e+05
2.490078125000000000e+05
2.481930000000000000e+05
2.473816562500000000e+05
2.465737500000000000e+05
2.457692500000000000e+05
2.449681406250000000e+05
2.441704531250000000e+05
2.433760937500000000e+05
2.425850937500000000e+05
2.417974062500000000e+05
2.410130625000000000e+05
2.402320000000000000e+05
2.394542187500000000e+05
2.386796875000000000e+05
2.379084687500000000e+05
2.371404218750000000e+05
2.363755781250000000e+05
2.356139531250000000e+05
2.348555156250000000e+05
2.341002968750000000e+05
2.333481406250000000e+05
2.325991875000000000e+05
2.318532812500000000e+05
2.311105312500000000e+05
2.303708593750000000e+05
2.296342656250000000e+05
2.289006875000000000e+05
2.281701875000000000e+05
2.274427031250000000e+05
2.267182187500000000e+05
2.259967812500000000e+05
2.252782968750000000e+05
2.245627343750000000e+05
2.238501250000000000e+05
2.231405000000000000e+05
2.224337968750000000e+05
2.217299687500000000e+05
2.210290312500000000e+05
2.203309843750000000e+05
2.196357812500000000e+05
2.189435156250000000e+05
2.182540000000000000e+05
2.175673125000000000e+05
2.168834687500000000e+05
2.162023906250000000e+05
2.155240781250000000e+05
2.148485781250000000e+05
2.141758125000000000e+05
2.135057656250000000e+05
2.128384375000000000e+05
2.121738437500000000e+05
2.115119687500000000e+05
2.108527500000000000e+05
2.101962187500000000e+05
2.095423437500000000e+05
2.088910781250000000e+05
2.082425312500000000e+05
2.075965000000000000e+05
2.069531250000000000e+05
2.063123906250000000e+05
2.056741718750000000e+05
2.050385312500000000e+05
2.044054843750000000e+05
2.037749375000000000e+05
2.031469375000000000e+05
2.025215312500000000e+05
2.018985000000000000e+05
2.012780312500000000e+05
2.006600468750000000e+05
2.000445625000000000e+05
1.994314843750000000e+05
1.988209062500000000e+05
1.982127187500000000e+05
1.976069843750000000e+05
1.970036406250000000e+05
1.964027187500000000e+05
1.958041718750000000e+05
1.952080156250000000e+05
1.946142343750000000e+05
1.940227968750000000e+05
1.934336562500000000e+05
1.928469218750000000e+05
1.922624843750000000e+05
1.916803281250000000e+05
1.911004531250000000e+05
1.905229375000000000e+05
1.899476562500000000e+05
1.893746406250000000e+05
1.888039062500000000e+05
1.882353906250000000e+05
1.876690937500000000e+05
1.871050625000000000e+05
1.865432187500000000e+05
1.859835781250000000e+05
1.854261250000000000e+05
1.848709062500000000e+05
1.843177500000000000e+05
1.837668437500000000e+05
1.832180312500000000e+05
1.826714218750000000e+05
1.821269062500000000e+05
1.815845312500000000e+05
1.810442812500000000e+05
1.805060781250000000e+05
1.799700000000000000e+05
1.794360000000000000e+05
1.789040468750000000e+05
1.783742031250000000e+05
1.778463437500000000e+05
1.773205625000000000e+05
1.767967968750000000e+05
1.762751093750000000e+05
1.757553593750000000e+05
1.752376875000000000e+05
1.747219375000000000e+05
1.742082031250000000e+05
1.736964687500000000e+05
1.731866562500000000e+05
1.726788593750000000e+05
1.721729687500000000e+05
1.716690312500000000e+05
1.711670156250000000e+05
1.706669062500000000e+05
1.701687343750000000e+05
1.696724687500000000e+05
1.691780781250000000e+05
1.686856250000000000e+05
1.681949687500000000e+05
1.677062343750000000e+05
1.672193125000000000e+05
1.667342500000000000e+05
1.662510937500000000e+05
1.657697500000000000e+05
1.652902031250000000e+05
1.648124843750000000e+05
1.643365625000000000e+05
1.638624843750000000e+05
1.633901562500000000e+05
1.629196093750000000e+05
1.624508750000000000e+05
1.619839218750000000e+05
1.615186562500000000e+05
1.610551875000000000e+05
1.605934687500000000e+05
1.601334687500000000e+05
1.596751875000000000e+05
1.592186562500000000e+05
1.587637968750000000e+05
1.583107031250000000e+05
1.578592656250000000e+05
1.574095000000000000e+05
1.569614375000000000e+05
1.565150468750000000e+05
1.560703125000000000e+05
1.556272812500000000e+05
1.551858750000000000e+05
1.547460937500000000e+05
1.543079531250000000e+05
1.538714375000000000e+05
1.534365937500000000e+05
1.530033125000000000e+05
1.525716250000000000e+05
1.521415937500000000e+05
1.517130937500000000e+05
1.512862343750000000e+05
1.508609062500000000e+05
1.504372187500000000e+05
1.500150000000000000e+05
1.495943906250000000e+05
1.491753281250000000e+05
1.487577812500000000e+05
1.483418437500000000e+05
1.479273593750000000e+05
1.475144218750000000e+05
1.471029843750000000e+05
1.466930781250000000e+05
1.462846875000000000e+05
1.458777656250000000e+05
1.454723437500000000e+05
1.450684062500000000e+05
1.446659687500000000e+05
1.442649531250000000e+05
1.438654062500000000e+05
1.434673281250000000e+05
1.430706875000000000e+05
1.426755156250000000e+05
1.422817656250000000e+05
